0      0.000000 1.1862516156648330E-320
1      0.000417 1.2336176242354921E-04
2      0.000833 2.4637753934868674E-04
3      0.001250 3.6904794912495507E-04
4      0.001667 4.9137361008953458E-04
5      0.002083 6.1335514056415309E-04
6      0.002500 7.3499315885199620E-04
7      0.002917 8.5628828323461781E-04
8      0.003333 9.7724113196885122E-04
9      0.003750 1.0978523232837193E-03
10     0.004167 1.2181224753773482E-03
11     0.004583 1.3380522064138777E-03
12     0.005000 1.4576421345203750E-03
13     0.005417 1.5768928777837477E-03
14     0.005833 1.6958050542476585E-03
15     0.006250 1.8143792819094392E-03
16     0.006667 1.9326161787170065E-03
17     0.007083 2.0505163625657782E-03
18     0.007500 2.1680804512955909E-03
19     0.007917 2.2853090626876178E-03
20     0.008333 2.4022028144612862E-03
21     0.008750 2.5187623242711988E-03
22     0.009167 2.6349882097040549E-03
23     0.009583 2.7508810882755710E-03
24     0.010000 2.8664415774274049E-03
25     0.010417 2.9816702945240797E-03
26     0.010833 3.0965678568499089E-03
27     0.011250 3.2111348816059237E-03
28     0.011667 3.3253719859068008E-03
29     0.012083 3.4392797867777904E-03
30     0.012500 3.5528589011516493E-03
31     0.012917 3.6661099458655715E-03
32     0.013333 3.7790335376581218E-03
33     0.013750 3.8916302931661707E-03
34     0.014167 4.0039008289218326E-03
35     0.014583 4.1158457613494010E-03
36     0.015000 4.2274657067622925E-03
37     0.015417 4.3387612813599857E-03
38     0.015833 4.4497331012249659E-03
39     0.016250 4.5603817823196679E-03
40     0.016667 4.6707079404834278E-03
41     0.017083 4.7807121914294265E-03
42     0.017500 4.8903951507416436E-03
43     0.017917 4.9997574338718114E-03
44     0.018333 5.1087996561363673E-03
45     0.018750 5.2175224327134099E-03
46     0.019167 5.3259263786396621E-03
47     0.019583 5.4340121088074277E-03
48     0.020000 5.5417802379615572E-03
49     0.020417 5.6492313806964147E-03
50     0.020833 5.7563661514528431E-03
51     0.021250 5.8631851645151341E-03
52     0.021667 5.9696890340080041E-03
53     0.022083 6.0758783738935679E-03
54     0.022500 6.1817537979683137E-03
55     0.022917 6.2873159198600873E-03
56     0.023333 6.3925653530250712E-03
57     0.023750 6.4975027107447717E-03
58     0.024167 6.6021286061230056E-03
59     0.024583 6.7064436520828932E-03
60     0.025000 6.8104484613638475E-03
61     0.025417 6.9141436465185741E-03
62     0.025833 7.0175298199100676E-03
63     0.026250 7.1206075937086163E-03
64     0.026667 7.2233775798888024E-03
65     0.027083 7.3258403902265136E-03
66     0.027500 7.4279966362959526E-03
67     0.027917 7.5298469294666492E-03
68     0.028333 7.6313918809004788E-03
69     0.028750 7.7326321015486815E-03
70     0.029167 7.8335682021488853E-03
71     0.029583 7.9342007932221362E-03
72     0.030000 8.0345304850699198E-03
73     0.030417 8.1345578877711992E-03
74     0.030833 8.2342836111794528E-03
75     0.031250 8.3337082649197081E-03
76     0.031667 8.4328324583855894E-03
77     0.032083 8.5316568007363629E-03
78     0.032500 8.6301819008939885E-03
79     0.032917 8.7284083675401702E-03
80     0.033333 8.8263368091134140E-03
81     0.033750 8.9239678338060898E-03
82     0.034167 9.0213020495614974E-03
83     0.034583 9.1183400640709334E-03
84     0.035000 9.2150824847707594E-03
85     0.035417 9.3115299188394843E-03
86     0.035833 9.4076829731948395E-03
87     0.036250 9.5035422544908661E-03
88     0.036667 9.5991083691149975E-03
89     0.037083 9.6943819231851535E-03
90     0.037500 9.7893635225468414E-03
91     0.037917 9.8840537727702456E-03
92     0.038333 9.9784532791473337E-03
93     0.038750 1.0072562646688975E-02
94     0.039167 1.0166382480122037E-02
95     0.039583 1.0259913383886514E-02
96     0.040000 1.0353155962132638E-02
97     0.040417 1.0446110818718013E-02
98     0.040833 1.0538778557204736E-02
99     0.041250 1.0631159780856535E-02
100    0.041667 1.0723255092635910E-02
101    0.042083 1.0815065095201267E-02
102    0.042500 1.0906590390904074E-02
103    0.042917 1.0997831581786004E-02
104    0.043333 1.1088789269576101E-02
105    0.043750 1.1179464055687933E-02
106    0.044167 1.1269856541216762E-02
107    0.044583 1.1359967326936707E-02
108    0.045000 1.1449797013297933E-02
109    0.045417 1.1539346200423819E-02
110    0.045833 1.1628615488108144E-02
111    0.046250 1.1717605475812283E-02
112    0.046667 1.1806316762662392E-02
113    0.047083 1.1894749947446617E-02
114    0.047500 1.1982905628612291E-02
115    0.047917 1.2070784404263150E-02
116    0.048333 1.2158386872156542E-02
117    0.048750 1.2245713629700648E-02
118    0.049167 1.2332765273951709E-02
119    0.049583 1.2419542401611252E-02
120    0.050000 1.2506045609023330E-02
121    0.050417 1.2592275492171762E-02
122    0.050833 1.2678232646677371E-02
123    0.051250 1.2763917667795246E-02
124    0.051667 1.2849331150411992E-02
125    0.052083 1.2934473689042991E-02
126    0.052500 1.3019345877829677E-02
127    0.052917 1.3103948310536797E-02
128    0.053333 1.3188281580549703E-02
129    0.053750 1.3272346280871624E-02
130    0.054167 1.3356143004120960E-02
131    0.054583 1.3439672342528582E-02
132    0.055000 1.3522934887935123E-02
133    0.055417 1.3605931231788297E-02
134    0.055833 1.3688661965140196E-02
135    0.056250 1.3771127678644622E-02
136    0.056667 1.3853328962554406E-02
137    0.057083 1.3935266406718732E-02
138    0.057500 1.4016940600580481E-02
139    0.057917 1.4098352133173571E-02
140    0.058333 1.4179501593120300E-02
141    0.058750 1.4260389568628703E-02
142    0.059167 1.4341016647489914E-02
143    0.059583 1.4421383417075525E-02
144    0.060000 1.4501490464334960E-02
145    0.060417 1.4581338375792861E-02
146    0.060833 1.4660927737546462E-02
147    0.061250 1.4740259135262982E-02
148    0.061667 1.4819333154177022E-02
149    0.062083 1.4898150379087970E-02
150    0.062500 1.4976711394357408E-02
151    0.062917 1.5055016783906526E-02
152    0.063333 1.5133067131213545E-02
153    0.063750 1.5210863019311150E-02
154    0.064167 1.5288405030783917E-02
155    0.064583 1.5365693747765759E-02
156    0.065000 1.5442729751937371E-02
157    0.065417 1.5519513624523687E-02
158    0.065833 1.5596045946291338E-02
159    0.066250 1.5672327297546123E-02
160    0.066667 1.5748358258130472E-02
161    0.067083 1.5824139407420952E-02
162    0.067500 1.5899671324325720E-02
163    0.067917 1.5974954587282049E-02
164    0.068333 1.6049989774253811E-02
165    0.068750 1.6124777462728987E-02
166    0.069167 1.6199318229717187E-02
167    0.069583 1.6273612651747163E-02
168    0.070000 1.6347661304864348E-02
169    0.070417 1.6421464764628385E-02
170    0.070833 1.6495023606110666E-02
171    0.071250 1.6568338403891891E-02
172    0.071667 1.6641409732059610E-02
173    0.072083 1.6714238164205805E-02
174    0.072500 1.6786824273424442E-02
175    0.072917 1.6859168632309060E-02
176    0.073333 1.6931271812950351E-02
177    0.073750 1.7003134386933752E-02
178    0.074167 1.7074756925337053E-02
179    0.074583 1.7146139998727987E-02
180    0.075000 1.7217284177161854E-02
181    0.075417 1.7288190030179139E-02
182    0.075833 1.7358858126803146E-02
183    0.076250 1.7429289035537622E-02
184    0.076667 1.7499483324364403E-02
185    0.077083 1.7569441560741077E-02
186    0.077500 1.7639164311598628E-02
187    0.077917 1.7708652143339103E-02
188    0.078333 1.7777905621833286E-02
189    0.078750 1.7846925312418382E-02
190    0.079167 1.7915711779895704E-02
191    0.079583 1.7984265588528357E-02
192    0.080000 1.8052587302038955E-02
193    0.080417 1.8120677483607326E-02
194    0.080833 1.8188536695868229E-02
195    0.081250 1.8256165500909083E-02
196    0.081667 1.8323564460267696E-02
197    0.082083 1.8390734134930007E-02
198    0.082500 1.8457675085327842E-02
199    0.082917 1.8524387871336655E-02
200    0.083333 1.8590873052273311E-02
201    0.083750 1.8657131186893851E-02
202    0.084167 1.8723162833391267E-02
203    0.084583 1.8788968549393291E-02
204    0.085000 1.8854548891960206E-02
205    0.085417 1.8919904417582629E-02
206    0.085833 1.8985035682179331E-02
207    0.086250 1.9049943241095067E-02
208    0.086667 1.9114627649098388E-02
209    0.087083 1.9179089460379488E-02
210    0.087500 1.9243329228548038E-02
211    0.087917 1.9307347506631045E-02
212    0.088333 1.9371144847070719E-02
213    0.088750 1.9434721801722326E-02
214    0.089167 1.9498078921852076E-02
215    0.089583 1.9561216758134999E-02
216    0.090000 1.9624135860652845E-02
217    0.090417 1.9686836778891978E-02
218    0.090833 1.9749320061741297E-02
219    0.091250 1.9811586257490139E-02
220    0.091667 1.9873635913826217E-02
221    0.092083 1.9935469577833542E-02
222    0.092500 1.9997087795990378E-02
223    0.092917 2.0058491114167180E-02
224    0.093333 2.0119680077624571E-02
225    0.093750 2.0180655231011285E-02
226    0.094167 2.0241417118362165E-02
227    0.094583 2.0301966283096134E-02
228    0.095000 2.0362303268014199E-02
229    0.095417 2.0422428615297437E-02
230    0.095833 2.0482342866505014E-02
231    0.096250 2.0542046562572212E-02
232    0.096667 2.0601540243808437E-02
233    0.097083 2.0660824449895261E-02
234    0.097500 2.0719899719884478E-02
235    0.097917 2.0778766592196143E-02
236    0.098333 2.0837425604616634E-02
237    0.098750 2.0895877294296726E-02
238    0.099167 2.0954122197749673E-02
239    0.099583 2.1012160850849282E-02
240    0.100000 2.1069993788828015E-02
241    0.100417 2.1127621546275108E-02
242    0.100833 2.1185044657134656E-02
243    0.101250 2.1242263654703757E-02
244    0.101667 2.1299279071630636E-02
245    0.102083 2.1356091439912780E-02
246    0.102500 2.1412701290895099E-02
247    0.102917 2.1469109155268059E-02
248    0.103333 2.1525315563065871E-02
249    0.103750 2.1581321043664656E-02
250    0.104167 2.1637126125780632E-02
251    0.104583 2.1692731337468296E-02
252    0.105000 2.1748137206118644E-02
253    0.105417 2.1803344258457355E-02
254    0.105833 2.1858353020543037E-02
255    0.106250 2.1913164017765434E-02
256    0.106667 2.1967777774843680E-02
257    0.107083 2.2022194815824528E-02
258    0.107500 2.2076415664080619E-02
259    0.107917 2.2130440842308734E-02
260    0.108333 2.2184270872528077E-02
261    0.108750 2.2237906276078544E-02
262    0.109167 2.2291347573619030E-02
263    0.109583 2.2344595285125723E-02
264    0.110000 2.2397649929890403E-02
265    0.110417 2.2450512026518765E-02
266    0.110833 2.2503182092928758E-02
267    0.111250 2.2555660646348903E-02
268    0.111667 2.2607948203316651E-02
269    0.112083 2.2660045279676730E-02
270    0.112500 2.2711952390579514E-02
271    0.112917 2.2763670050479384E-02
272    0.113333 2.2815198773133136E-02
273    0.113750 2.2866539071598337E-02
274    0.114167 2.2917691458231752E-02
275    0.114583 2.2968656444687742E-02
276    0.115000 2.3019434541916680E-02
277    0.115417 2.3070026260163384E-02
278    0.115833 2.3120432108965562E-02
279    0.116250 2.3170652597152237E-02
280    0.116667 2.3220688232842217E-02
281    0.117083 2.3270539523442560E-02
282    0.117500 2.3320206975647038E-02
283    0.117917 2.3369691095434634E-02
284    0.118333 2.3418992388068022E-02
285    0.118750 2.3468111358092077E-02
286    0.119167 2.3517048509332381E-02
287    0.119583 2.3565804344893741E-02
288    0.120000 2.3614379367158728E-02
289    0.120417 2.3662774077786206E-02
290    0.120833 2.3710988977709888E-02
291    0.121250 2.3759024567136890E-02
292    0.121667 2.3806881345546291E-02
293    0.122083 2.3854559811687728E-02
294    0.122500 2.3902060463579962E-02
295    0.122917 2.3949383798509482E-02
296    0.123333 2.3996530313029105E-02
297    0.123750 2.4043500502956602E-02
298    0.124167 2.4090294863373302E-02
299    0.124583 2.4136913888622741E-02
0      0.125000 2.4183358072309299E-02
1      0.125417 2.4229799793614011E-02
2      0.125833 2.4276067656866171E-02
3      0.126250 2.4322162152706890E-02
4      0.126667 2.4368083771032813E-02
5      0.127083 2.4413833000994829E-02
6      0.127500 2.4459410330996773E-02
7      0.127917 2.4504816248694151E-02
8      0.128333 2.4550051240992854E-02
9      0.128750 2.4595115794047901E-02
10     0.129167 2.4640010393262191E-02
11     0.129583 2.4684735523285248E-02
12     0.130000 2.4729291668011990E-02
13     0.130417 2.4773679310581501E-02
14     0.130833 2.4817898933375819E-02
15     0.131250 2.4861951018018719E-02
16     0.131667 2.4905836045374531E-02
17     0.132083 2.4949554495546932E-02
18     0.132500 2.4993106847877790E-02
19     0.132917 2.5036493580945972E-02
20     0.133333 2.5079715172566200E-02
21     0.133750 2.5122772099787895E-02
22     0.134167 2.5165664838894035E-02
23     0.134583 2.5208393865400032E-02
24     0.135000 2.5250959654052593E-02
25     0.135417 2.5293362678828632E-02
26     0.135833 2.5335603412934143E-02
27     0.136250 2.5377682328803119E-02
28     0.136667 2.5419599898096466E-02
29     0.137083 2.5461356591700936E-02
30     0.137500 2.5502952879728050E-02
31     0.137917 2.5544389231513042E-02
32     0.138333 2.5585666115613824E-02
33     0.138750 2.5626783999809950E-02
34     0.139167 2.5667743351101571E-02
35     0.139583 2.5708544635708437E-02
36     0.140000 2.5749188319068882E-02
37     0.140417 2.5789674865838823E-02
38     0.140833 2.5830004739890774E-02
39     0.141250 2.5870178404312865E-02
40     0.141667 2.5910196321407876E-02
41     0.142083 2.5950058952692263E-02
42     0.142500 2.5989766758895232E-02
43     0.142917 2.6029320199957767E-02
44     0.143333 2.6068719735031724E-02
45     0.143750 2.6107965822478891E-02
46     0.144167 2.6147058919870084E-02
47     0.144583 2.6185999483984236E-02
48     0.145000 2.6224787970807514E-02
49     0.145417 2.6263424835532422E-02
50     0.145833 2.6301910532556927E-02
51     0.146250 2.6340245515483609E-02
52     0.146667 2.6378430237118777E-02
53     0.147083 2.6416465149471647E-02
54     0.147500 2.6454350703753488E-02
55     0.147917 2.6492087350376801E-02
56     0.148333 2.6529675538954505E-02
57     0.148750 2.6567115718299117E-02
58     0.149167 2.6604408336421952E-02
59     0.149583 2.6641553840532343E-02
60     0.150000 2.6678552677036858E-02
61     0.150417 2.6715405291538513E-02
62     0.150833 2.6752112128836030E-02
63     0.151250 2.6788673632923067E-02
64     0.151667 2.6825090246987492E-02
65     0.152083 2.6861362413410632E-02
66     0.152500 2.6897490573766551E-02
67     0.152917 2.6933475168821351E-02
68     0.153333 2.6969316638532439E-02
69     0.153750 2.7005015422047855E-02
70     0.154167 2.7040571957705567E-02
71     0.154583 2.7075986683032800E-02
72     0.155000 2.7111260034745375E-02
73     0.155417 2.7146392448747034E-02
74     0.155833 2.7181384360128798E-02
75     0.156250 2.7216236203168331E-02
76     0.156667 2.7250948411329294E-02
77     0.157083 2.7285521417260733E-02
78     0.157500 2.7319955652796470E-02
79     0.157917 2.7354251548954493E-02
80     0.158333 2.7388409535936353E-02
81     0.158750 2.7422430043126601E-02
82     0.159167 2.7456313499092187E-02
83     0.159583 2.7490060331581908E-02
84     0.160000 2.7523670967525851E-02
85     0.160417 2.7557145833034834E-02
86     0.160833 2.7590485353399884E-02
87     0.161250 2.7623689953091685E-02
88     0.161667 2.7656760055760080E-02
89     0.162083 2.7689696084233537E-02
90     0.162500 2.7722498460518663E-02
91     0.162917 2.7755167605799706E-02
92     0.163333 2.7787703940438075E-02
93     0.163750 2.7820107883971851E-02
94     0.164167 2.7852379855115333E-02
95     0.164583 2.7884520271758584E-02
96     0.165000 2.7916529550966965E-02
97     0.165417 2.7948408108980721E-02
98     0.165833 2.7980156361214537E-02
99     0.166250 2.8011774722257111E-02
100    0.166667 2.8043263605870762E-02
101    0.167083 2.8074623424991011E-02
102    0.167500 2.8105854591726195E-02
103    0.167917 2.8136957517357078E-02
104    0.168333 2.8167932612336476E-02
105    0.168750 2.8198780286288902E-02
106    0.169167 2.8229500948010196E-02
107    0.169583 2.8260095005467171E-02
108    0.170000 2.8290562865797293E-02
109    0.170417 2.8320904935308332E-02
110    0.170833 2.8351121619478052E-02
111    0.171250 2.8381213322953892E-02
112    0.171667 2.8411180449552664E-02
113    0.172083 2.8441023402260256E-02
114    0.172500 2.8470742583231349E-02
115    0.172917 2.8500338393789133E-02
116    0.173333 2.8529811234425051E-02
117    0.173750 2.8559161504798529E-02
118    0.174167 2.8588389603736723E-02
119    0.174583 2.8617495929234280E-02
120    0.175000 2.8646480878453118E-02
121    0.175417 2.8675344847722176E-02
122    0.175833 2.8704088232537214E-02
123    0.176250 2.8732711427560606E-02
124    0.176667 2.8761214826621140E-02
125    0.177083 2.8789598822713820E-02
126    0.177500 2.8817863807999694E-02
127    0.177917 2.8846010173805677E-02
128    0.178333 2.8874038310624395E-02
129    0.178750 2.8901948608114018E-02
130    0.179167 2.8929741455098121E-02
131    0.179583 2.8957417239565540E-02
132    0.180000 2.8984976348670248E-02
133    0.180417 2.9012419168731238E-02
134    0.180833 2.9039746085232403E-02
135    0.181250 2.9066957482822425E-02
136    0.181667 2.9094053745314701E-02
137    0.182083 2.9121035255687235E-02
138    0.182500 2.9147902396082576E-02
139    0.182917 2.9174655547807737E-02
140    0.183333 2.9201295091334130E-02
141    0.183750 2.9227821406297531E-02
142    0.184167 2.9254234871498024E-02
143    0.184583 2.9280535864899954E-02
144    0.185000 2.9306724763631917E-02
145    0.185417 2.9332801943986735E-02
146    0.185833 2.9358767781421435E-02
147    0.186250 2.9384622650557267E-02
148    0.186667 2.9410366925179683E-02
149    0.187083 2.9436000978238366E-02
150    0.187500 2.9461525181847255E-02
151    0.187917 2.9486939907284567E-02
152    0.188333 2.9512245524992833E-02
153    0.188750 2.9537442404578958E-02
154    0.189167 2.9562530914814256E-02
155    0.189583 2.9587511423634534E-02
156    0.190000 2.9612384298140143E-02
157    0.190417 2.9637149904596070E-02
158    0.190833 2.9661808608432018E-02
159    0.191250 2.9686360774242509E-02
160    0.191667 2.9710806765786975E-02
161    0.192083 2.9735146945989888E-02
162    0.192500 2.9759381676940855E-02
163    0.192917 2.9783511319894766E-02
164    0.193333 2.9807536235271916E-02
165    0.193750 2.9831456782658153E-02
166    0.194167 2.9855273320805030E-02
167    0.194583 2.9878986207629965E-02
168    0.195000 2.9902595800216397E-02
169    0.195417 2.9926102454813981E-02
170    0.195833 2.9949506526838747E-02
171    0.196250 2.9972808370873311E-02
172    0.196667 2.9996008340667058E-02
173    0.197083 3.0019106789136354E-02
174    0.197500 3.0042104068364758E-02
175    0.197917 3.0065000529603248E-02
176    0.198333 3.0087796523270441E-02
177    0.198750 3.0110492398952839E-02
178    0.199167 3.0133088505405067E-02
179    0.199583 3.0155585190550130E-02
180    0.200000 3.0177982801479666E-02
181    0.200417 3.0200281684454214E-02
182    0.200833 3.0222482184903501E-02
183    0.201250 3.0244584647426707E-02
184    0.201667 3.0266589415792765E-02
185    0.202083 3.0288496832940656E-02
186    0.202500 3.0310307240979710E-02
187    0.202917 3.0332020981189926E-02
188    0.203333 3.0353638394022282E-02
189    0.203750 3.0375159819099076E-02
190    0.204167 3.0396585595214243E-02
191    0.204583 3.0417916060333710E-02
192    0.205000 3.0439151551595739E-02
193    0.205417 3.0460292405311284E-02
194    0.205833 3.0481338956964359E-02
195    0.206250 3.0502291541212402E-02
196    0.206667 3.0523150491886659E-02
197    0.207083 3.0543916141992564E-02
198    0.207500 3.0564588823710138E-02
199    0.207917 3.0585168868394380E-02
200    0.208333 3.0605656606575687E-02
201    0.208750 3.0626052367960253E-02
202    0.209167 3.0646356481430499E-02
203    0.209583 3.0666569275045501E-02
204    0.210000 3.0686691076041425E-02
205    0.210417 3.0706722210831969E-02
206    0.210833 3.0726663005008800E-02
207    0.211250 3.0746513783342033E-02
208    0.211667 3.0766274869780678E-02
209    0.212083 3.0785946587453109E-02
210    0.212500 3.0805529258667554E-02
211    0.212917 3.0825023204912566E-02
212    0.213333 3.0844428746857520E-02
213    0.213750 3.0863746204353108E-02
214    0.214167 3.0882975896431842E-02
215    0.214583 3.0902118141308568E-02
216    0.215000 3.0921173256380986E-02
217    0.215417 3.0940141558230164E-02
218    0.215833 3.0959023362621081E-02
219    0.216250 3.0977818984503157E-02
220    0.216667 3.0996528738010797E-02
221    0.217083 3.1015152936463952E-02
222    0.217500 3.1033691892368664E-02
223    0.217917 3.1052145917417638E-02
224    0.218333 3.1070515322490805E-02
225    0.218750 3.1088800417655913E-02
226    0.219167 3.1107001512169091E-02
227    0.219583 3.1125118914475454E-02
228    0.220000 3.1143152932209699E-02
229    0.220417 3.1161103872196696E-02
230    0.220833 3.1178972040452113E-02
231    0.221250 3.1196757742183015E-02
232    0.221667 3.1214461281788501E-02
233    0.222083 3.1232082962860327E-02
234    0.222500 3.1249623088183534E-02
235    0.222917 3.1267081959737091E-02
236    0.223333 3.1284459878694548E-02
237    0.223750 3.1301757145424686E-02
238    0.224167 3.1318974059492168E-02
239    0.224583 3.1336110919658225E-02
240    0.225000 3.1353168023881314E-02
241    0.225417 3.1370145669317770E-02
242    0.225833 3.1387044152322546E-02
243    0.226250 3.1403863768449850E-02
244    0.226667 3.1420604812453873E-02
245    0.227083 3.1437267578289477E-02
246    0.227500 3.1453852359112897E-02
247    0.227917 3.1470359447282471E-02
248    0.228333 3.1486789134359344E-02
249    0.228750 3.1503141711108198E-02
250    0.229167 3.1519417467497993E-02
251    0.229583 3.1535616692702689E-02
252    0.230000 3.1551739675101984E-02
253    0.230417 3.1567786702282080E-02
254    0.230833 3.1583758061036429E-02
255    0.231250 3.1599654037366490E-02
256    0.231667 3.1615474916482492E-02
257    0.232083 3.1631220982804208E-02
258    0.232500 3.1646892519961743E-02
259    0.232917 3.1662489810796293E-02
260    0.233333 3.1678013137360954E-02
261    0.233750 3.1693462780921486E-02
262    0.234167 3.1708839021957154E-02
263    0.234583 3.1724142140161490E-02
264    0.235000 3.1739372414443127E-02
265    0.235417 3.1754530122926609E-02
266    0.235833 3.1769615542953211E-02
267    0.236250 3.1784628951081750E-02
268    0.236667 3.1799570623089440E-02
269    0.237083 3.1814440833972717E-02
270    0.237500 3.1829239857948069E-02
271    0.237917 3.1843967968452909E-02
272    0.238333 3.1858625438146396E-02
273    0.238750 3.1873212538910303E-02
274    0.239167 3.1887729541849895E-02
275    0.239583 3.1902176717294783E-02
276    0.240000 3.1916554334799785E-02
277    0.240417 3.1930862663145813E-02
278    0.240833 3.1945101970340777E-02
279    0.241250 3.1959272523620436E-02
280    0.241667 3.1973374589449308E-02
281    0.242083 3.1987408433521561E-02
282    0.242500 3.2001374320761930E-02
283    0.242917 3.2015272515326612E-02
284    0.243333 3.2029103280604168E-02
285    0.243750 3.2042866879216460E-02
286    0.244167 3.2056563573019559E-02
287    0.244583 3.2070193623104676E-02
288    0.245000 3.2083757289799092E-02
289    0.245417 3.2097254832667087E-02
290    0.245833 3.2110686510510897E-02
291    0.246250 3.2124052581371638E-02
292    0.246667 3.2137353302530272E-02
293    0.247083 3.2150588930508567E-02
294    0.247500 3.2163759721070009E-02
295    0.247917 3.2176865929220831E-02
296    0.248333 3.2189907809210938E-02
297    0.248750 3.2202885614534896E-02
298    0.249167 3.2215799597932887E-02
299    0.249583 3.2228650011391732E-02
0      0.250000 3.2241437106145826E-02
1      0.250417 3.2254444784207859E-02
2      0.250833 3.2267389642273950E-02
3      0.251250 3.2280271928573905E-02
4      0.251667 3.2293091890589112E-02
5      0.252083 3.2305849775053595E-02
6      0.252500 3.2318545827954979E-02
7      0.252917 3.2331180294535550E-02
8      0.253333 3.2343753419293263E-02
9      0.253750 3.2356265445982767E-02
10     0.254167 3.2368716617616450E-02
11     0.254583 3.2381107176465466E-02
12     0.255000 3.2393437364060772E-02
13     0.255417 3.2405707421194183E-02
14     0.255833 3.2417917587919398E-02
15     0.256250 3.2430068103553089E-02
16     0.256667 3.2442159206675918E-02
17     0.257083 3.2454191135133620E-02
18     0.257500 3.2466164126038075E-02
19     0.257917 3.2478078415768344E-02
20     0.258333 3.2489934239971756E-02
21     0.258750 3.2501731833565001E-02
22     0.259167 3.2513471430735172E-02
23     0.259583 3.2525153264940890E-02
24     0.260000 3.2536777568913357E-02
25     0.260417 3.2548344574657460E-02
26     0.260833 3.2559854513452863E-02
27     0.261250 3.2571307615855097E-02
28     0.261667 3.2582704111696677E-02
29     0.262083 3.2594044230088187E-02
30     0.262500 3.2605328199419407E-02
31     0.262917 3.2616556247360401E-02
32     0.263333 3.2627728600862660E-02
33     0.263750 3.2638845486160181E-02
34     0.264167 3.2649907128770646E-02
35     0.264583 3.2660913753496487E-02
36     0.265000 3.2671865584426044E-02
37     0.265417 3.2682762844934696E-02
38     0.265833 3.2693605757685998E-02
39     0.266250 3.2704394544632809E-02
40     0.266667 3.2715129427018430E-02
41     0.267083 3.2725810625377771E-02
42     0.267500 3.2736438359538475E-02
43     0.267917 3.2747012848622074E-02
44     0.268333 3.2757534311045153E-02
45     0.268750 3.2768002964520496E-02
46     0.269167 3.2778419026058256E-02
47     0.269583 3.2788782711967092E-02
48     0.270000 3.2799094237855375E-02
49     0.270417 3.2809353818632342E-02
50     0.270833 3.2819561668509231E-02
51     0.271250 3.2829718001000520E-02
52     0.271667 3.2839823028925054E-02
53     0.272083 3.2849876964407249E-02
54     0.272500 3.2859880018878254E-02
55     0.272917 3.2869832403077177E-02
56     0.273333 3.2879734327052226E-02
57     0.273750 3.2889586000161945E-02
58     0.274167 3.2899387631076374E-02
59     0.274583 3.2909139427778247E-02
60     0.275000 3.2918841597564225E-02
61     0.275417 3.2928494347046061E-02
62     0.275833 3.2938097882151823E-02
63     0.276250 3.2947652408127102E-02
64     0.276667 3.2957158129536215E-02
65     0.277083 3.2966615250263412E-02
66     0.277500 3.2976023973514103E-02
67     0.277917 3.2985384501816081E-02
68     0.278333 3.2994697037020716E-02
69     0.278750 3.3003961780304208E-02
70     0.279167 3.3013178932168777E-02
71     0.279583 3.3022348692443915E-02
72     0.280000 3.3031471260287618E-02
73     0.280417 3.3040546834187605E-02
74     0.280833 3.3049575611962541E-02
75     0.281250 3.3058557790763290E-02
76     0.281667 3.3067493567074162E-02
77     0.282083 3.3076383136714113E-02
78     0.282500 3.3085226694838044E-02
79     0.282917 3.3094024435937994E-02
80     0.283333 3.3102776553844408E-02
81     0.283750 3.3111483241727399E-02
82     0.284167 3.3120144692097966E-02
83     0.284583 3.3128761096809275E-02
84     0.285000 3.3137332647057913E-02
85     0.285417 3.3145859533385107E-02
86     0.285833 3.3154341945678026E-02
87     0.286250 3.3162780073171028E-02
88     0.286667 3.3171174104446914E-02
89     0.287083 3.3179524227438195E-02
90     0.287500 3.3187830629428358E-02
91     0.287917 3.3196093497053131E-02
92     0.288333 3.3204313016301765E-02
93     0.288750 3.3212489372518292E-02
94     0.289167 3.3220622750402787E-02
95     0.289583 3.3228713334012686E-02
96     0.290000 3.3236761306764000E-02
97     0.290417 3.3244766851432642E-02
98     0.290833 3.3252730150155674E-02
99     0.291250 3.3260651384432620E-02
100    0.291667 3.3268530735126728E-02
101    0.292083 3.3276368382466233E-02
102    0.292500 3.3284164506045683E-02
103    0.292917 3.3291919284827214E-02
104    0.293333 3.3299632897141815E-02
105    0.293750 3.3307305520690639E-02
106    0.294167 3.3314937332546285E-02
107    0.294583 3.3322528509154098E-02
108    0.295000 3.3330079226333464E-02
109    0.295417 3.3337589659279077E-02
110    0.295833 3.3345059982562271E-02
111    0.296250 3.3352490370132298E-02
112    0.296667 3.3359880995317642E-02
113    0.297083 3.3367232030827289E-02
114    0.297500 3.3374543648752059E-02
115    0.297917 3.3381816020565877E-02
116    0.298333 3.3389049317127113E-02
117    0.298750 3.3396243708679864E-02
118    0.299167 3.3403399364855257E-02
119    0.299583 3.3410516454672745E-02
120    0.300000 3.3417595146541454E-02
121    0.300417 3.3424635608261449E-02
122    0.300833 3.3431638007025061E-02
123    0.301250 3.3438602509418207E-02
124    0.301667 3.3445529281421679E-02
125    0.302083 3.3452418488412468E-02
126    0.302500 3.3459270295165072E-02
127    0.302917 3.3466084865852827E-02
128    0.303333 3.3472862364049186E-02
129    0.303750 3.3479602952729060E-02
130    0.304167 3.3486306794270122E-02
131    0.304583 3.3492974050454150E-02
132    0.305000 3.3499604882468295E-02
133    0.305417 3.3506199450906451E-02
134    0.305833 3.3512757915770533E-02
135    0.306250 3.3519280436471816E-02
136    0.306667 3.3525767171832255E-02
137    0.307083 3.3532218280085797E-02
138    0.307500 3.3538633918879707E-02
139    0.307917 3.3545014245275888E-02
140    0.308333 3.3551359415752199E-02
141    0.308750 3.3557669586203778E-02
142    0.309167 3.3563944911944366E-02
143    0.309583 3.3570185547707646E-02
144    0.310000 3.3576391647648529E-02
145    0.310417 3.3582563365344521E-02
146    0.310833 3.3588700853797018E-02
147    0.311250 3.3594804265432626E-02
148    0.311667 3.3600873752104521E-02
149    0.312083 3.3606909465093732E-02
150    0.312500 3.3612911555110495E-02
151    0.312917 3.3618880172295570E-02
152    0.313333 3.3624815466221557E-02
153    0.313750 3.3630717585894240E-02
154    0.314167 3.3636586679753888E-02
155    0.314583 3.3642422895676621E-02
156    0.315000 3.3648226380975692E-02
157    0.315417 3.3653997282402842E-02
158    0.315833 3.3659735746149611E-02
159    0.316250 3.3665441917848676E-02
160    0.316667 3.3671115942575172E-02
161    0.317083 3.3676757964848016E-02
162    0.317500 3.3682368128631235E-02
163    0.317917 3.3687946577335287E-02
164    0.318333 3.3693493453818411E-02
165    0.318750 3.3699008900387920E-02
166    0.319167 3.3704493058801549E-02
167    0.319583 3.3709946070268768E-02
168    0.320000 3.3715368075452119E-02
169    0.320417 3.3720759214468529E-02
170    0.320833 3.3726119626890656E-02
171    0.321250 3.3731449451748191E-02
172    0.321667 3.3736748827529181E-02
173    0.322083 3.3742017892181390E-02
174    0.322500 3.3747256783113577E-02
175    0.322917 3.3752465637196832E-02
176    0.323333 3.3757644590765939E-02
177    0.323750 3.3762793779620638E-02
178    0.324167 3.3767913339026984E-02
179    0.324583 3.3773003403718679E-02
180    0.325000 3.3778064107898353E-02
181    0.325417 3.3783095585238926E-02
182    0.325833 3.3788097968884906E-02
183    0.326250 3.3793071391453711E-02
184    0.326667 3.3798015985036990E-02
185    0.327083 3.3802931881201953E-02
186    0.327500 3.3807819210992678E-02
187    0.327917 3.3812678104931437E-02
188    0.328333 3.3817508693019999E-02
189    0.328750 3.3822311104740960E-02
190    0.329167 3.3827085469059055E-02
191    0.329583 3.3831831914422475E-02
192    0.330000 3.3836550568764188E-02
193    0.330417 3.3841241559503230E-02
194    0.330833 3.3845905013546049E-02
195    0.331250 3.3850541057287790E-02
196    0.331667 3.3855149816613625E-02
197    0.332083 3.3859731416900039E-02
198    0.332500 3.3864285983016183E-02
199    0.332917 3.3868813639325146E-02
200    0.333333 3.3873314509685282E-02
201    0.333750 3.3877788717451500E-02
202    0.334167 3.3882236385476584E-02
203    0.334583 3.3886657636112497E-02
204    0.335000 3.3891052591211689E-02
205    0.335417 3.3895421372128386E-02
206    0.335833 3.3899764099719912E-02
207    0.336250 3.3904080894347967E-02
208    0.336667 3.3908371875879952E-02
209    0.337083 3.3912637163690251E-02
210    0.337500 3.3916876876661547E-02
211    0.337917 3.3921091133186088E-02
212    0.338333 3.3925280051167017E-02
213    0.338750 3.3929443748019643E-02
214    0.339167 3.3933582340672758E-02
215    0.339583 3.3937695945569904E-02
216    0.340000 3.3941784678670685E-02
217    0.340417 3.3945848655452041E-02
218    0.340833 3.3949887990909554E-02
219    0.341250 3.3953902799558719E-02
220    0.341667 3.3957893195436240E-02
221    0.342083 3.3961859292101312E-02
222    0.342500 3.3965801202636911E-02
223    0.342917 3.3969719039651056E-02
224    0.343333 3.3973612915278117E-02
225    0.343750 3.3977482941180095E-02
226    0.344167 3.3981329228547866E-02
227    0.344583 3.3985151888102499E-02
228    0.345000 3.3988951030096498E-02
229    0.345417 3.3992726764315098E-02
230    0.345833 3.3996479200077534E-02
231    0.346250 3.4000208446238307E-02
232    0.346667 3.4003914611188450E-02
233    0.347083 3.4007597802856809E-02
234    0.347500 3.4011258128711294E-02
235    0.347917 3.4014895695760168E-02
236    0.348333 3.4018510610553276E-02
237    0.348750 3.4022102979183344E-02
238    0.349167 3.4025672907287211E-02
239    0.349583 3.4029220500047093E-02
240    0.350000 3.4032745862191849E-02
241    0.350417 3.4036249097998232E-02
242    0.350833 3.4039730311292149E-02
243    0.351250 3.4043189605449900E-02
244    0.351667 3.4046627083399429E-02
245    0.352083 3.4050042847621594E-02
246    0.352500 3.4053437000151385E-02
247    0.352917 3.4056809642579192E-02
248    0.353333 3.4060160876052029E-02
249    0.353750 3.4063490801274784E-02
250    0.354167 3.4066799518511465E-02
251    0.354583 3.4070087127586440E-02
252    0.355000 3.4073353727885648E-02
253    0.355417 3.4076599418357861E-02
254    0.355833 3.4079824297515895E-02
255    0.356250 3.4083028463437866E-02
256    0.356667 3.4086212013768387E-02
257    0.357083 3.4089375045719822E-02
258    0.357500 3.4092517656073490E-02
259    0.357917 3.4095639941180901E-02
260    0.358333 3.4098741996964971E-02
261    0.358750 3.4101823918921234E-02
262    0.359167 3.4104885802119067E-02
263    0.359583 3.4107927741202915E-02
264    0.360000 3.4110949830393485E-02
265    0.360417 3.4113952163488961E-02
266    0.360833 3.4116934833866200E-02
267    0.361250 3.4119897934481974E-02
268    0.361667 3.4122841557874144E-02
269    0.362083 3.4125765796162867E-02
270    0.362500 3.4128670741051803E-02
271    0.362917 3.4131556483829296E-02
272    0.363333 3.4134423115369600E-02
273    0.363750 3.4137270726134039E-02
274    0.364167 3.4140099406172214E-02
275    0.364583 3.4142909245123199E-02
276    0.365000 3.4145700332216720E-02
277    0.365417 3.4148472756274334E-02
278    0.365833 3.4151226605710606E-02
279    0.366250 3.4153961968534319E-02
280    0.366667 3.4156678932349603E-02
281    0.367083 3.4159377584357165E-02
282    0.367500 3.4162058011355426E-02
283    0.367917 3.4164720299741692E-02
284    0.368333 3.4167364535513341E-02
285    0.368750 3.4169990804268968E-02
286    0.369167 3.4172599191209574E-02
287    0.369583 3.4175189781139703E-02
288    0.370000 3.4177762658468600E-02
289    0.370417 3.4180317907211391E-02
290    0.370833 3.4182855610990215E-02
291    0.371250 3.4185375853035382E-02
292    0.371667 3.4187878716186532E-02
293    0.372083 3.4190364282893758E-02
294    0.372500 3.4192832635218773E-02
295    0.372917 3.4195283854836028E-02
296    0.373333 3.4197718023033889E-02
297    0.373750 3.4200135220715730E-02
298    0.374167 3.4202535528401093E-02
299    0.374583 3.4204919026226799E-02
0      0.375000 3.4207285793948113E-02
1      0.375417 3.4209966322919685E-02
2      0.375833 3.4212630279391698E-02
3      0.376250 3.4215277741598681E-02
4      0.376667 3.4217908787398069E-02
5      0.377083 3.4220523494271321E-02
6      0.377500 3.4223121939324988E-02
7      0.377917 3.4225704199291863E-02
8      0.378333 3.4228270350532081E-02
9      0.378750 3.4230820469034209E-02
10     0.379167 3.4233354630416345E-02
11     0.379583 3.4235872909927231E-02
12     0.380000 3.4238375382447318E-02
13     0.380417 3.4240862122489890E-02
14     0.380833 3.4243333204202142E-02
15     0.381250 3.4245788701366242E-02
16     0.381667 3.4248228687400448E-02
17     0.382083 3.4250653235360168E-02
18     0.382500 3.4253062417939059E-02
19     0.382917 3.4255456307470060E-02
20     0.383333 3.4257834975926507E-02
21     0.383750 3.4260198494923184E-02
22     0.384167 3.4262546935717383E-02
23     0.384583 3.4264880369209980E-02
24     0.385000 3.4267198865946487E-02
25     0.385417 3.4269502496118112E-02
26     0.385833 3.4271791329562824E-02
27     0.386250 3.4274065435766374E-02
28     0.386667 3.4276324883863382E-02
29     0.387083 3.4278569742638348E-02
30     0.387500 3.4280800080526731E-02
31     0.387917 3.4283015965615955E-02
32     0.388333 3.4285217465646466E-02
33     0.388750 3.4287404648012762E-02
34     0.389167 3.4289577579764419E-02
35     0.389583 3.4291736327607125E-02
36     0.390000 3.4293880957903700E-02
37     0.390417 3.4296011536675129E-02
38     0.390833 3.4298128129601563E-02
39     0.391250 3.4300230802023345E-02
40     0.391667 3.4302319618942020E-02
41     0.392083 3.4304394645021365E-02
42     0.392500 3.4306455944588352E-02
43     0.392917 3.4308503581634203E-02
44     0.393333 3.4310537619815340E-02
45     0.393750 3.4312558122454422E-02
46     0.394167 3.4314565152541318E-02
47     0.394583 3.4316558772734110E-02
48     0.395000 3.4318539045360072E-02
49     0.395417 3.4320506032416660E-02
50     0.395833 3.4322459795572496E-02
51     0.396250 3.4324400396168332E-02
52     0.396667 3.4326327895218042E-02
53     0.397083 3.4328242353409602E-02
54     0.397500 3.4330143831106018E-02
55     0.397917 3.4332032388346340E-02
56     0.398333 3.4333908084846598E-02
57     0.398750 3.4335770980000770E-02
58     0.399167 3.4337621132881732E-02
59     0.399583 3.4339458602242204E-02
60     0.400000 3.4341283446515727E-02
61     0.400417 3.4343095723817586E-02
62     0.400833 3.4344895491945762E-02
63     0.401250 3.4346682808381851E-02
64     0.401667 3.4348457730292041E-02
65     0.402083 3.4350220314528015E-02
66     0.402500 3.4351970617627889E-02
67     0.402917 3.4353708695817130E-02
68     0.403333 3.4355434605009505E-02
69     0.403750 3.4357148400807960E-02
70     0.404167 3.4358850138505585E-02
71     0.404583 3.4360539873086487E-02
72     0.405000 3.4362217659226715E-02
73     0.405417 3.4363883551295174E-02
74     0.405833 3.4365537603354507E-02
75     0.406250 3.4367179869162032E-02
76     0.406667 3.4368810402170588E-02
77     0.407083 3.4370429255529474E-02
78     0.407500 3.4372036482085311E-02
79     0.407917 3.4373632134382930E-02
80     0.408333 3.4375216264666275E-02
81     0.408750 3.4376788924879269E-02
82     0.409167 3.4378350166666682E-02
83     0.409583 3.4379900041374999E-02
84     0.410000 3.4381438600053313E-02
85     0.410417 3.4382965893454187E-02
86     0.410833 3.4384481972034489E-02
87     0.411250 3.4385986885956267E-02
88     0.411667 3.4387480685087624E-02
89     0.412083 3.4388963419003528E-02
90     0.412500 3.4390435136986697E-02
91     0.412917 3.4391895888028434E-02
92     0.413333 3.4393345720829444E-02
93     0.413750 3.4394784683800701E-02
94     0.414167 3.4396212825064269E-02
95     0.414583 3.4397630192454134E-02
96     0.415000 3.4399036833517027E-02
97     0.415417 3.4400432795513261E-02
98     0.415833 3.4401818125417524E-02
99     0.416250 3.4403192869919733E-02
100    0.416667 3.4404557075425807E-02
101    0.417083 3.4405910788058498E-02
102    0.417500 3.4407254053658201E-02
103    0.417917 3.4408586917783729E-02
104    0.418333 3.4409909425713148E-02
105    0.418750 3.4411221622444546E-02
106    0.419167 3.4412523552696819E-02
107    0.419583 3.4413815260910481E-02
108    0.420000 3.4415096791248434E-02
109    0.420417 3.4416368187596746E-02
110    0.420833 3.4417629493565430E-02
111    0.421250 3.4418880752489223E-02
112    0.421667 3.4420122007428340E-02
113    0.422083 3.4421353301169258E-02
114    0.422500 3.4422574676225462E-02
115    0.422917 3.4423786174838204E-02
116    0.423333 3.4424987838977274E-02
117    0.423750 3.4426179710341731E-02
118    0.424167 3.4427361830360659E-02
119    0.424583 3.4428534240193903E-02
120    0.425000 3.4429696980732824E-02
121    0.425417 3.4430850092601009E-02
122    0.425833 3.4431993616155031E-02
123    0.426250 3.4433127591485160E-02
124    0.426667 3.4434252058416090E-02
125    0.427083 3.4435367056507668E-02
126    0.427500 3.4436472625055586E-02
127    0.427917 3.4437568803092143E-02
128    0.428333 3.4438655629386888E-02
129    0.428750 3.4439733142447394E-02
130    0.429167 3.4440801380519900E-02
131    0.429583 3.4441860381590049E-02
132    0.430000 3.4442910183383565E-02
133    0.430417 3.4443950823366966E-02
134    0.430833 3.4444982338748209E-02
135    0.431250 3.4446004766477398E-02
136    0.431667 3.4447018143247472E-02
137    0.432083 3.4448022505494870E-02
138    0.432500 3.4449017889400198E-02
139    0.432917 3.4450004330888906E-02
140    0.433333 3.4450981865631933E-02
141    0.433750 3.4451950529046385E-02
142    0.434167 3.4452910356296204E-02
143    0.434583 3.4453861382292783E-02
144    0.435000 3.4454803641695647E-02
145    0.435417 3.4455737168913078E-02
146    0.435833 3.4456661998102767E-02
147    0.436250 3.4457578163172436E-02
148    0.436667 3.4458485697780490E-02
149    0.437083 3.4459384635336640E-02
150    0.437500 3.4460275009002519E-02
151    0.437917 3.4461156851692307E-02
152    0.438333 3.4462030196073370E-02
153    0.438750 3.4462895074566832E-02
154    0.439167 3.4463751519348218E-02
155    0.439583 3.4464599562348049E-02
156    0.440000 3.4465439235252443E-02
157    0.440417 3.4466270569503715E-02
158    0.440833 3.4467093596300971E-02
159    0.441250 3.4467908346600691E-02
160    0.441667 3.4468714851117327E-02
161    0.442083 3.4469513140323878E-02
162    0.442500 3.4470303244452466E-02
163    0.442917 3.4471085193494913E-02
164    0.443333 3.4471859017203316E-02
165    0.443750 3.4472624745090615E-02
166    0.444167 3.4473382406431136E-02
167    0.444583 3.4474132030261173E-02
168    0.445000 3.4474873645379538E-02
169    0.445417 3.4475607280348097E-02
170    0.445833 3.4476332963492326E-02
171    0.446250 3.4477050722901859E-02
172    0.446667 3.4477760586431025E-02
173    0.447083 3.4478462581699364E-02
174    0.447500 3.4479156736092184E-02
175    0.447917 3.4479843076761087E-02
176    0.448333 3.4480521630624456E-02
177    0.448750 3.4481192424368021E-02
178    0.449167 3.4481855484445337E-02
179    0.449583 3.4482510837078317E-02
180    0.450000 3.4483158508257741E-02
181    0.450417 3.4483798523743725E-02
182    0.450833 3.4484430909066256E-02
183    0.451250 3.4485055689525673E-02
184    0.451667 3.4485672890193164E-02
185    0.452083 3.4486282535911246E-02
186    0.452500 3.4486884651294236E-02
187    0.452917 3.4487479260728766E-02
188    0.453333 3.4488066388374213E-02
189    0.453750 3.4488646058163194E-02
190    0.454167 3.4489218293802040E-02
191    0.454583 3.4489783118771232E-02
192    0.455000 3.4490340556325882E-02
193    0.455417 3.4490890629496181E-02
194    0.455833 3.4491433361087842E-02
195    0.456250 3.4491968773682567E-02
196    0.456667 3.4492496889638458E-02
197    0.457083 3.4493017731090474E-02
198    0.457500 3.4493531319950865E-02
199    0.457917 3.4494037677909595E-02
200    0.458333 3.4494536826434781E-02
201    0.458750 3.4495028786773095E-02
202    0.459167 3.4495513579950191E-02
203    0.459583 3.4495991226771133E-02
204    0.460000 3.4496461747820777E-02
205    0.460417 3.4496925163464198E-02
206    0.460833 3.4497381493847082E-02
207    0.461250 3.4497830758896120E-02
208    0.461667 3.4498272978319415E-02
209    0.462083 3.4498708171606857E-02
210    0.462500 3.4499136358030508E-02
211    0.462917 3.4499557556644994E-02
212    0.463333 3.4499971786287872E-02
213    0.463750 3.4500379065580011E-02
214    0.464167 3.4500779412925953E-02
215    0.464583 3.4501172846514265E-02
216    0.465000 3.4501559384317933E-02
217    0.465417 3.4501939044094695E-02
218    0.465833 3.4502311843387382E-02
219    0.466250 3.4502677799524303E-02
220    0.466667 3.4503036929619549E-02
221    0.467083 3.4503389250573356E-02
222    0.467500 3.4503734779072426E-02
223    0.467917 3.4504073531590282E-02
224    0.468333 3.4504405524387577E-02
225    0.468750 3.4504730773512404E-02
226    0.469167 3.4505049294800638E-02
227    0.469583 3.4505361103876246E-02
228    0.470000 3.4505666216151601E-02
229    0.470417 3.4505964646827765E-02
230    0.470833 3.4506256410894817E-02
231    0.471250 3.4506541523132150E-02
232    0.471667 3.4506819998108756E-02
233    0.472083 3.4507091850183504E-02
234    0.472500 3.4507357093505442E-02
235    0.472917 3.4507615742014087E-02
236    0.473333 3.4507867809439680E-02
237    0.473750 3.4508113309303479E-02
238    0.474167 3.4508352254918002E-02
239    0.474583 3.4508584659387331E-02
240    0.475000 3.4508810535607323E-02
241    0.475417 3.4509029896265926E-02
242    0.475833 3.4509242753843372E-02
243    0.476250 3.4509449120612462E-02
244    0.476667 3.4509649008638801E-02
245    0.477083 3.4509842429781043E-02
246    0.477500 3.4510029395691103E-02
247    0.477917 3.4510209917814415E-02
248    0.478333 3.4510384007390149E-02
249    0.478750 3.4510551675451445E-02
250    0.479167 3.4510712932825600E-02
251    0.479583 3.4510867790134320E-02
252    0.480000 3.4511016257793917E-02
253    0.480417 3.4511158346015508E-02
254    0.480833 3.4511294064805215E-02
255    0.481250 3.4511423423964384E-02
256    0.481667 3.4511546433089749E-02
257    0.482083 3.4511663101573650E-02
258    0.482500 3.4511773438604190E-02
259    0.482917 3.4511877453165453E-02
260    0.483333 3.4511975154037644E-02
261    0.483750 3.4512066549797285E-02
262    0.484167 3.4512151648817366E-02
263    0.484583 3.4512230459267525E-02
264    0.485000 3.4512302989114202E-02
265    0.485417 3.4512369246120785E-02
266    0.485833 3.4512429237847780E-02
267    0.486250 3.4512482971652957E-02
268    0.486667 3.4512530454691472E-02
269    0.487083 3.4512571693916028E-02
270    0.487500 3.4512606696076989E-02
271    0.487917 3.4512635467722534E-02
272    0.488333 3.4512658015198774E-02
273    0.488750 3.4512674344649864E-02
274    0.489167 3.4512684462018141E-02
275    0.489583 3.4512688373044220E-02
276    0.490000 3.4512686083267102E-02
277    0.490417 3.4512677598024302E-02
278    0.490833 3.4512662922451920E-02
279    0.491250 3.4512642061484765E-02
280    0.491667 3.4512615019856432E-02
281    0.492083 3.4512581802099380E-02
282    0.492500 3.4512542412545047E-02
283    0.492917 3.4512496855323913E-02
284    0.493333 3.4512445134365563E-02
285    0.493750 3.4512387253398780E-02
286    0.494167 3.4512323215951601E-02
287    0.494583 3.4512253025351380E-02
288    0.495000 3.4512176684724852E-02
289    0.495417 3.4512094196998182E-02
290    0.495833 3.4512005564897023E-02
291    0.496250 3.4511910790946551E-02
292    0.496667 3.4511809877471517E-02
293    0.497083 3.4511702826596283E-02
294    0.497500 3.4511589640244839E-02
295    0.497917 3.4511470320140861E-02
296    0.498333 3.4511344867807707E-02
297    0.498750 3.4511213284568472E-02
298    0.499167 3.4511075571545966E-02
299    0.499583 3.4510931729662755E-02
0      0.500000 3.4510781759641160E-02
1      0.500417 3.4510966755164497E-02
2      0.500833 3.4511145622992824E-02
3      0.501250 3.4511318363047438E-02
4      0.501667 3.4511484975049377E-02
5      0.502083 3.4511645458519369E-02
6      0.502500 3.4511799812777841E-02
7      0.502917 3.4511948036944885E-02
8      0.503333 3.4512090129940221E-02
9      0.503750 3.4512226090483156E-02
10     0.504167 3.4512355917092570E-02
11     0.504583 3.4512479608086857E-02
12     0.505000 3.4512597161583870E-02
13     0.505417 3.4512708575500893E-02
14     0.505833 3.4512813847554565E-02
15     0.506250 3.4512912975260823E-02
16     0.506667 3.4513005955934858E-02
17     0.507083 3.4513092786691020E-02
18     0.507500 3.4513173464442756E-02
19     0.507917 3.4513247985902537E-02
20     0.508333 3.4513316347581771E-02
21     0.508750 3.4513378545790736E-02
22     0.509167 3.4513434576638455E-02
23     0.509583 3.4513484436032645E-02
24     0.510000 3.4513528119679587E-02
25     0.510417 3.4513565623084025E-02
26     0.510833 3.4513596941549089E-02
27     0.511250 3.4513622070176150E-02
28     0.511667 3.4513641003864740E-02
29     0.512083 3.4513653737312397E-02
30     0.512500 3.4513660265014554E-02
31     0.512917 3.4513660581264427E-02
32     0.513333 3.4513654680152883E-02
33     0.513750 3.4513642555568269E-02
34     0.514167 3.4513624201196309E-02
35     0.514583 3.4513599610519946E-02
36     0.515000 3.4513568776819201E-02
37     0.515417 3.4513531693171014E-02
38     0.515833 3.4513488352449079E-02
39     0.516250 3.4513438747323683E-02
40     0.516667 3.4513382870261573E-02
41     0.517083 3.4513320713525752E-02
42     0.517500 3.4513252269175301E-02
43     0.517917 3.4513177529065242E-02
44     0.518333 3.4513096484846309E-02
45     0.518750 3.4513009127964775E-02
46     0.519167 3.4512915449662292E-02
47     0.519583 3.4512815440975661E-02
48     0.520000 3.4512709092736633E-02
49     0.520417 3.4512596395571735E-02
50     0.520833 3.4512477339902037E-02
51     0.521250 3.4512351915942943E-02
52     0.521667 3.4512220113703980E-02
53     0.522083 3.4512081922988581E-02
54     0.522500 3.4511937333393861E-02
55     0.522917 3.4511786334310367E-02
56     0.523333 3.4511628914921877E-02
57     0.523750 3.4511465064205160E-02
58     0.524167 3.4511294770929693E-02
59     0.524583 3.4511118023657472E-02
60     0.525000 3.4510934810742723E-02
61     0.525417 3.4510745120331671E-02
62     0.525833 3.4510548940362255E-02
63     0.526250 3.4510346258563904E-02
64     0.526667 3.4510137062457237E-02
65     0.527083 3.4509921339353822E-02
66     0.527500 3.4509699076355857E-02
67     0.527917 3.4509470260355952E-02
68     0.528333 3.4509234878036789E-02
69     0.528750 3.4508992915870867E-02
70     0.529167 3.4508744360120198E-02
71     0.529583 3.4508489196836023E-02
72     0.530000 3.4508227411858508E-02
73     0.530417 3.4507958990816420E-02
74     0.530833 3.4507683919126848E-02
75     0.531250 3.4507402181994870E-02
76     0.531667 3.4507113764413261E-02
77     0.532083 3.4506818651162140E-02
78     0.532500 3.4506516826808664E-02
79     0.532917 3.4506208275706697E-02
80     0.533333 3.4505892981996480E-02
81     0.533750 3.4505570929604282E-02
82     0.534167 3.4505242102242067E-02
83     0.534583 3.4504906483407163E-02
84     0.535000 3.4504564056381873E-02
85     0.535417 3.4504214804233158E-02
86     0.535833 3.4503858709812256E-02
87     0.536250 3.4503495755754343E-02
88     0.536667 3.4503125924478135E-02
89     0.537083 3.4502749198185551E-02
90     0.537500 3.4502365558861312E-02
91     0.537917 3.4501974988272580E-02
92     0.538333 3.4501577467968558E-02
93     0.538750 3.4501172979280126E-02
94     0.539167 3.4500761503319419E-02
95     0.539583 3.4500343020979457E-02
96     0.540000 3.4499917512933735E-02
97     0.540417 3.4499484959635826E-02
98     0.540833 3.4499045341318958E-02
99     0.541250 3.4498598637995620E-02
100    0.541667 3.4498144829457136E-02
101    0.542083 3.4497683895273253E-02
102    0.542500 3.4497215814791697E-02
103    0.542917 3.4496740567137765E-02
104    0.543333 3.4496258131213903E-02
105    0.543750 3.4495768485699227E-02
106    0.544167 3.4495271609049125E-02
107    0.544583 3.4494767479494773E-02
108    0.545000 3.4494256075042737E-02
109    0.545417 3.4493737373474470E-02
110    0.545833 3.4493211352345884E-02
111    0.546250 3.4492677988986878E-02
112    0.546667 3.4492137260500884E-02
113    0.547083 3.4491589143764378E-02
114    0.547500 3.4491033615426409E-02
115    0.547917 3.4490470651908155E-02
116    0.548333 3.4489900229402404E-02
117    0.548750 3.4489322323873070E-02
118    0.549167 3.4488736911054738E-02
119    0.549583 3.4488143966452126E-02
120    0.550000 3.4487543465339610E-02
121    0.550417 3.4486935382760729E-02
122    0.550833 3.4486319693527667E-02
123    0.551250 3.4485696372220737E-02
124    0.551667 3.4485065393187887E-02
125    0.552083 3.4484426730544165E-02
126    0.552500 3.4483780358171193E-02
127    0.552917 3.4483126249716674E-02
128    0.553333 3.4482464378593820E-02
129    0.553750 3.4481794717980838E-02
130    0.554167 3.4481117240820397E-02
131    0.554583 3.4480431919819060E-02
132    0.555000 3.4479738727446779E-02
133    0.555417 3.4479037635936308E-02
134    0.555833 3.4478328617282665E-02
135    0.556250 3.4477611643242576E-02
136    0.556667 3.4476886685333899E-02
137    0.557083 3.4476153714835069E-02
138    0.557500 3.4475412702784522E-02
139    0.557917 3.4474663619980139E-02
140    0.558333 3.4473906436978632E-02
141    0.558750 3.4473141124095004E-02
142    0.559167 3.4472367651401922E-02
143    0.559583 3.4471585988729139E-02
144    0.560000 3.4470796105662935E-02
145    0.560417 3.4469997971545471E-02
146    0.560833 3.4469191555474211E-02
147    0.561250 3.4468376826301314E-02
148    0.561667 3.4467553752633009E-02
149    0.562083 3.4466722302828996E-02
150    0.562500 3.4465882445001844E-02
151    0.562917 3.4465034147016321E-02
152    0.563333 3.4464177376488825E-02
153    0.563750 3.4463312100786701E-02
154    0.564167 3.4462438287027664E-02
155    0.564583 3.4461555902079097E-02
156    0.565000 3.4460664912557462E-02
157    0.565417 3.4459765284827637E-02
158    0.565833 3.4458856985002256E-02
159    0.566250 3.4457939978941067E-02
160    0.566667 3.4457014232250283E-02
161    0.567083 3.4456079710281889E-02
162    0.567500 3.4455136378133022E-02
163    0.567917 3.4454184200645263E-02
164    0.568333 3.4453223142403996E-02
165    0.568750 3.4452253167737701E-02
166    0.569167 3.4451274240717290E-02
167    0.569583 3.4450286325155441E-02
168    0.570000 3.4449289384605855E-02
169    0.570417 3.4448283382362638E-02
170    0.570833 3.4447268281459539E-02
171    0.571250 3.4446244044669297E-02
172    0.571667 3.4445210634502899E-02
173    0.572083 3.4444168013208903E-02
174    0.572500 3.4443116142772720E-02
175    0.572917 3.4442054984915885E-02
176    0.573333 3.4440984501095354E-02
177    0.573750 3.4439904652502774E-02
178    0.574167 3.4438815400063758E-02
179    0.574583 3.4437716704437168E-02
180    0.575000 3.4436608526014344E-02
181    0.575417 3.4435490824918411E-02
182    0.575833 3.4434363561003510E-02
183    0.576250 3.4433226693854055E-02
184    0.576667 3.4432080182783993E-02
185    0.577083 3.4430923986836046E-02
186    0.577500 3.4429758064780963E-02
187    0.577917 3.4428582375116749E-02
188    0.578333 3.4427396876067898E-02
189    0.578750 3.4426201525584628E-02
190    0.579167 3.4424996281342130E-02
191    0.579583 3.4423781100739750E-02
192    0.580000 3.4422555940900268E-02
193    0.580417 3.4421320758669063E-02
194    0.580833 3.4420075510613352E-02
195    0.581250 3.4418820153021383E-02
196    0.581667 3.4417554641901667E-02
197    0.582083 3.4416278932982158E-02
198    0.582500 3.4414992981709483E-02
199    0.582917 3.4413696743248082E-02
200    0.583333 3.4412390172479448E-02
201    0.583750 3.4411073224001304E-02
202    0.584167 3.4409745852126784E-02
203    0.584583 3.4408408010883601E-02
204    0.585000 3.4407059654013243E-02
205    0.585417 3.4405700734970138E-02
206    0.585833 3.4404331206920817E-02
207    0.586250 3.4402951022743100E-02
208    0.586667 3.4401560135025246E-02
209    0.587083 3.4400158496065099E-02
210    0.587500 3.4398746057869273E-02
211    0.587917 3.4397322772152267E-02
212    0.588333 3.4395888590335655E-02
213    0.588750 3.4394443463547204E-02
214    0.589167 3.4392987342620016E-02
215    0.589583 3.4391520178091668E-02
216    0.590000 3.4390041920203354E-02
217    0.590417 3.4388552518899010E-02
218    0.590833 3.4387051923824435E-02
219    0.591250 3.4385540084326427E-02
220    0.591667 3.4384016949451882E-02
221    0.592083 3.4382482467946937E-02
222    0.592500 3.4380936588256077E-02
223    0.592917 3.4379379258521220E-02
224    0.593333 3.4377810426580849E-02
225    0.593750 3.4376230039969105E-02
226    0.594167 3.4374638045914896E-02
227    0.594583 3.4373034391340970E-02
228    0.595000 3.4371419022863031E-02
229    0.595417 3.4369791886788813E-02
230    0.595833 3.4368152929117171E-02
231    0.596250 3.4366502095537155E-02
232    0.596667 3.4364839331427095E-02
233    0.597083 3.4363164581853692E-02
234    0.597500 3.4361477791571060E-02
235    0.597917 3.4359778905019817E-02
236    0.598333 3.4358067866326121E-02
237    0.598750 3.4356344619300774E-02
238    0.599167 3.4354609107438254E-02
239    0.599583 3.4352861273915757E-02
240    0.600000 3.4351101061592282E-02
241    0.600417 3.4349328413007647E-02
242    0.600833 3.4347543270381559E-02
243    0.601250 3.4345745575612652E-02
244    0.601667 3.4343935270277501E-02
245    0.602083 3.4342112295629681E-02
246    0.602500 3.4340276592598792E-02
247    0.602917 3.4338428101789498E-02
248    0.603333 3.4336566763480521E-02
249    0.603750 3.4334692517623694E-02
250    0.604167 3.4332805303842973E-02
251    0.604583 3.4330905061433437E-02
252    0.605000 3.4328991729360318E-02
253    0.605417 3.4327065246258004E-02
254    0.605833 3.4325125550429034E-02
255    0.606250 3.4323172579843110E-02
256    0.606667 3.4321206272136112E-02
257    0.607083 3.4319226564609076E-02
258    0.607500 3.4317233394227167E-02
259    0.607917 3.4315226697618724E-02
260    0.608333 3.4313206411074187E-02
261    0.608750 3.4311172470545125E-02
262    0.609167 3.4309124811643187E-02
263    0.609583 3.4307063369639096E-02
264    0.610000 3.4304988079461612E-02
265    0.610417 3.4302898875696528E-02
266    0.610833 3.4300795692585595E-02
267    0.611250 3.4298678464025539E-02
268    0.611667 3.4296547123566973E-02
269    0.612083 3.4294401604413383E-02
270    0.612500 3.4292241839420083E-02
271    0.612917 3.4290067761093168E-02
272    0.613333 3.4287879301588456E-02
273    0.613750 3.4285676392710435E-02
274    0.614167 3.4283458965911222E-02
275    0.614583 3.4281226952289474E-02
276    0.615000 3.4278980282589355E-02
277    0.615417 3.4276718887199464E-02
278    0.615833 3.4274442696151763E-02
279    0.616250 3.4272151639120493E-02
280    0.616667 3.4269845645421133E-02
281    0.617083 3.4267524644009284E-02
282    0.617500 3.4265188563479619E-02
283    0.617917 3.4262837332064783E-02
284    0.618333 3.4260470877634328E-02
285    0.618750 3.4258089127693597E-02
286    0.619167 3.4255692009382666E-02
287    0.619583 3.4253279449475212E-02
288    0.620000 3.4250851374377445E-02
289    0.620417 3.4248407710126993E-02
290    0.620833 3.4245948382391811E-02
291    0.621250 3.4243473316469070E-02
292    0.621667 3.4240982437284045E-02
293    0.622083 3.4238475669389021E-02
294    0.622500 3.4235952936962154E-02
295    0.622917 3.4233414163806368E-02
296    0.623333 3.4230859273348242E-02
297    0.623750 3.4228288188636879E-02
298    0.624167 3.4225700832342790E-02
299    0.624583 3.4223097126756752E-02
0      0.625000 3.4220476993788704E-02
1      0.625417 3.4218171227517136E-02
2      0.625833 3.4215848875776861E-02
3      0.626250 3.4213509858948700E-02
4      0.626667 3.4211154097028074E-02
5      0.627083 3.4208781509623830E-02
6      0.627500 3.4206392015957127E-02
7      0.627917 3.4203985534860273E-02
8      0.628333 3.4201561984775558E-02
9      0.628750 3.4199121283754116E-02
10     0.629167 3.4196663349454752E-02
11     0.629583 3.4194188099142805E-02
12     0.630000 3.4191695449688947E-02
13     0.630417 3.4189185317568052E-02
14     0.630833 3.4186657618858016E-02
15     0.631250 3.4184112269238578E-02
16     0.631667 3.4181549183990162E-02
17     0.632083 3.4178968277992675E-02
18     0.632500 3.4176369465724360E-02
19     0.632917 3.4173752661260610E-02
20     0.633333 3.4171117778272767E-02
21     0.633750 3.4168464730026937E-02
22     0.634167 3.4165793429382835E-02
23     0.634583 3.4163103788792559E-02
24     0.635000 3.4160395720299414E-02
25     0.635417 3.4157669135536715E-02
26     0.635833 3.4154923945726598E-02
27     0.636250 3.4152160061678795E-02
28     0.636667 3.4149377393789468E-02
29     0.637083 3.4146575852039965E-02
30     0.637500 3.4143755345995667E-02
31     0.637917 3.4140915784804736E-02
32     0.638333 3.4138057077196915E-02
33     0.638750 3.4135179131482313E-02
34     0.639167 3.4132281855550214E-02
35     0.639583 3.4129365156867833E-02
36     0.640000 3.4126428942479109E-02
37     0.640417 3.4123473119003475E-02
38     0.640833 3.4120497592634635E-02
39     0.641250 3.4117502269139365E-02
40     0.641667 3.4114487053856252E-02
41     0.642083 3.4111451851694480E-02
42     0.642500 3.4108396567132604E-02
43     0.642917 3.4105321104217295E-02
44     0.643333 3.4102225366562128E-02
45     0.643750 3.4099109257346327E-02
46     0.644167 3.4095972679313552E-02
47     0.644583 3.4092815534770615E-02
48     0.645000 3.4089637725586271E-02
49     0.645417 3.4086439153189957E-02
50     0.645833 3.4083219718570569E-02
51     0.646250 3.4079979322275175E-02
52     0.646667 3.4076717864407781E-02
53     0.647083 3.4073435244628095E-02
54     0.647500 3.4070131362150244E-02
55     0.647917 3.4066806115741533E-02
56     0.648333 3.4063459403721186E-02
57     0.648750 3.4060091123959080E-02
58     0.649167 3.4056701173874500E-02
59     0.649583 3.4053289450434850E-02
60     0.650000 3.4049855850154402E-02
61     0.650417 3.4046400269093030E-02
62     0.650833 3.4042922602854936E-02
63     0.651250 3.4039422746587389E-02
64     0.651667 3.4035900594979435E-02
65     0.652083 3.4032356042260625E-02
66     0.652500 3.4028788982199777E-02
67     0.652917 3.4025199308103646E-02
68     0.653333 3.4021586912815691E-02
69     0.653750 3.4017951688714750E-02
70     0.654167 3.4014293527713790E-02
71     0.654583 3.4010612321258626E-02
72     0.655000 3.4006907960326613E-02
73     0.655417 3.4003180335425376E-02
74     0.655833 3.3999429336591516E-02
75     0.656250 3.3995654853389332E-02
76     0.656667 3.3991856774909512E-02
77     0.657083 3.3988034989767858E-02
78     0.657500 3.3984189386103980E-02
79     0.657917 3.3980319851580010E-02
80     0.658333 3.3976426273379289E-02
81     0.658750 3.3972508538205104E-02
82     0.659167 3.3968566532279351E-02
83     0.659583 3.3964600141341256E-02
84     0.660000 3.3960609250646069E-02
85     0.660417 3.3956593744963764E-02
86     0.660833 3.3952553508577732E-02
87     0.661250 3.3948488425283467E-02
88     0.661667 3.3944398378387274E-02
89     0.662083 3.3940283250704958E-02
90     0.662500 3.3936142924560500E-02
91     0.662917 3.3931977281784785E-02
92     0.663333 3.3927786203714241E-02
93     0.663750 3.3923569571189569E-02
94     0.664167 3.3919327264554391E-02
95     0.664583 3.3915059163653984E-02
96     0.665000 3.3910765147833921E-02
97     0.665417 3.3906445095938778E-02
98     0.665833 3.3902098886310801E-02
99     0.666250 3.3897726396788605E-02
100    0.666667 3.3893327504705847E-02
101    0.667083 3.3888902086889897E-02
102    0.667500 3.3884450019660527E-02
103    0.667917 3.3879971178828593E-02
104    0.668333 3.3875465439694705E-02
105    0.668750 3.3870932677047896E-02
106    0.669167 3.3866372765164306E-02
107    0.669583 3.3861785577805864E-02
108    0.670000 3.3857170988218957E-02
109    0.670417 3.3852528869133085E-02
110    0.670833 3.3847859092759558E-02
111    0.671250 3.3843161530790151E-02
112    0.671667 3.3838436054395786E-02
113    0.672083 3.3833682534225196E-02
114    0.672500 3.3828900840403603E-02
115    0.672917 3.3824090842531358E-02
116    0.673333 3.3819252409682657E-02
117    0.673750 3.3814385410404164E-02
118    0.674167 3.3809489712713706E-02
119    0.674583 3.3804565184098925E-02
120    0.675000 3.3799611691515956E-02
121    0.675417 3.3794629101388071E-02
122    0.675833 3.3789617279604375E-02
123    0.676250 3.3784576091518435E-02
124    0.676667 3.3779505401946991E-02
125    0.677083 3.3774405075168559E-02
126    0.677500 3.3769274974922152E-02
127    0.677917 3.3764114964405907E-02
128    0.678333 3.3758924906275758E-02
129    0.678750 3.3753704662644109E-02
130    0.679167 3.3748454095078470E-02
131    0.679583 3.3743173064600146E-02
132    0.680000 3.3737861431682871E-02
133    0.680417 3.3732519056251506E-02
134    0.680833 3.3727145797680672E-02
135    0.681250 3.3721741514793402E-02
136    0.681667 3.3716306065859840E-02
137    0.682083 3.3710839308595864E-02
138    0.682500 3.3705341100161774E-02
139    0.682917 3.3699811297160924E-02
140    0.683333 3.3694249755638409E-02
141    0.683750 3.3688656331079703E-02
142    0.684167 3.3683030878409334E-02
143    0.684583 3.3677373251989551E-02
144    0.685000 3.3671683305618962E-02
145    0.685417 3.3665960892531210E-02
146    0.685833 3.3660205865393623E-02
147    0.686250 3.3654418076305891E-02
148    0.686667 3.3648597376798706E-02
149    0.687083 3.3642743617832434E-02
150    0.687500 3.3636856649795779E-02
151    0.687917 3.3630936322504447E-02
152    0.688333 3.3624982485199781E-02
153    0.688750 3.3618994986547454E-02
154    0.689167 3.3612973674636122E-02
155    0.689583 3.3606918396976063E-02
156    0.690000 3.3600829000497885E-02
157    0.690417 3.3594705331551150E-02
158    0.690833 3.3588547235903043E-02
159    0.691250 3.3582354558737058E-02
160    0.691667 3.3576127144651635E-02
161    0.692083 3.3569864837658850E-02
162    0.692500 3.3563567481183040E-02
163    0.692917 3.3557234918059523E-02
164    0.693333 3.3550866990533217E-02
165    0.693750 3.3544463540257335E-02
166    0.694167 3.3538024408292039E-02
167    0.694583 3.3531549435103107E-02
168    0.695000 3.3525038460560611E-02
169    0.695417 3.3518491323937576E-02
170    0.695833 3.3511907863908660E-02
171    0.696250 3.3505287918548801E-02
172    0.696667 3.3498631325331936E-02
173    0.697083 3.3491937921129616E-02
174    0.697500 3.3485207542209711E-02
175    0.697917 3.3478440024235070E-02
176    0.698333 3.3471635202262227E-02
177    0.698750 3.3464792910740032E-02
178    0.699167 3.3457912983508344E-02
179    0.699583 3.3450995253796717E-02
180    0.700000 3.3444039554223079E-02
181    0.700417 3.3437045716792388E-02
182    0.700833 3.3430013572895337E-02
183    0.701250 3.3422942953307014E-02
184    0.701667 3.3415833688185612E-02
185    0.702083 3.3408685607071074E-02
186    0.702500 3.3401498538883821E-02
187    0.702917 3.3394272311923393E-02
188    0.703333 3.3387006753867174E-02
189    0.703750 3.3379701691769043E-02
190    0.704167 3.3372356952058098E-02
191    0.704583 3.3364972360537315E-02
192    0.705000 3.3357547742382268E-02
193    0.705417 3.3350082922139805E-02
194    0.705833 3.3342577723726730E-02
195    0.706250 3.3335031970428516E-02
196    0.706667 3.3327445484898008E-02
197    0.707083 3.3319818089154109E-02
198    0.707500 3.3312149604580468E-02
199    0.707917 3.3304439851924217E-02
200    0.708333 3.3296688651294620E-02
201    0.708750 3.3288895822161824E-02
202    0.709167 3.3281061183355554E-02
203    0.709583 3.3273184553063787E-02
204    0.710000 3.3265265748831513E-02
205    0.710417 3.3257304587559405E-02
206    0.710833 3.3249300885502549E-02
207    0.711250 3.3241254458269150E-02
208    0.711667 3.3233165120819252E-02
209    0.712083 3.3225032687463435E-02
210    0.712500 3.3216856971861573E-02
211    0.712917 3.3208637787021524E-02
212    0.713333 3.3200374945297859E-02
213    0.713750 3.3192068258390578E-02
214    0.714167 3.3183717537343858E-02
215    0.714583 3.3175322592544770E-02
216    0.715000 3.3166883233721994E-02
217    0.715417 3.3158399269944565E-02
218    0.715833 3.3149870509620614E-02
219    0.716250 3.3141296760496083E-02
220    0.716667 3.3132677829653484E-02
221    0.717083 3.3124013523510618E-02
222    0.717500 3.3115303647819332E-02
223    0.717917 3.3106548007664258E-02
224    0.718333 3.3097746407461548E-02
225    0.718750 3.3088898650957654E-02
226    0.719167 3.3080004541228038E-02
227    0.719583 3.3071063880675947E-02
228    0.720000 3.3062076471031182E-02
229    0.720417 3.3053042113348821E-02
230    0.720833 3.3043960608008002E-02
231    0.721250 3.3034831754710670E-02
232    0.721667 3.3025655352480358E-02
233    0.722083 3.3016431199660946E-02
234    0.722500 3.3007159093915425E-02
235    0.722917 3.2997838832224680E-02
236    0.723333 3.2988470210886245E-02
237    0.723750 3.2979053025513093E-02
238    0.724167 3.2969587071032425E-02
239    0.724583 3.2960072141684435E-02
240    0.725000 3.2950508031021106E-02
241    0.725417 3.2940894531904963E-02
242    0.725833 3.2931231436507925E-02
243    0.726250 3.2921518536310035E-02
244    0.726667 3.2911755622098304E-02
245    0.727083 3.2901942483965468E-02
246    0.727500 3.2892078911308818E-02
247    0.727917 3.2882164692828994E-02
248    0.728333 3.2872199616528784E-02
249    0.728750 3.2862183469711939E-02
250    0.729167 3.2852116038981985E-02
251    0.729583 3.2841997110241050E-02
252    0.730000 3.2831826468688652E-02
253    0.730417 3.2821603898820544E-02
254    0.730833 3.2811329184427529E-02
255    0.731250 3.2801002108594303E-02
256    0.731667 3.2790622453698251E-02
257    0.732083 3.2780190001408319E-02
258    0.732500 3.2769704532683804E-02
259    0.732917 3.2759165827773246E-02
260    0.733333 3.2748573666213240E-02
261    0.733750 3.2737927826827287E-02
262    0.734167 3.2727228087724630E-02
263    0.734583 3.2716474226299141E-02
264    0.735000 3.2705666019228127E-02
265    0.735417 3.2694803242471239E-02
266    0.735833 3.2683885671269307E-02
267    0.736250 3.2672913080143209E-02
268    0.736667 3.2661885242892735E-02
269    0.737083 3.2650801932595480E-02
270    0.737500 3.2639662921605687E-02
271    0.737917 3.2628467981553166E-02
272    0.738333 3.2617216883342154E-02
273    0.738750 3.2605909397150190E-02
274    0.739167 3.2594545292427037E-02
275    0.739583 3.2583124337893545E-02
276    0.740000 3.2571646301540573E-02
277    0.740417 3.2560110950627878E-02
278    0.740833 3.2548518051683017E-02
279    0.741250 3.2536867370500273E-02
280    0.741667 3.2525158672139537E-02
281    0.742083 3.2513391720925260E-02
282    0.742500 3.2501566280445343E-02
283    0.742917 3.2489682113550085E-02
284    0.743333 3.2477738982351095E-02
285    0.743750 3.2465736648220223E-02
286    0.744167 3.2453674871788504E-02
287    0.744583 3.2441553412945114E-02
288    0.745000 3.2429372030836276E-02
289    0.745417 3.2417130483864229E-02
290    0.745833 3.2404828529686187E-02
291    0.746250 3.2392465925213283E-02
292    0.746667 3.2380042426609537E-02
293    0.747083 3.2367557789290805E-02
294    0.747500 3.2355011767923762E-02
295    0.747917 3.2342404116424889E-02
296    0.748333 3.2329734587959423E-02
297    0.748750 3.2317002934940345E-02
298    0.749167 3.2304208909027368E-02
299    0.749583 3.2291352261125936E-02
0      0.750000 3.2278432741386212E-02
1      0.750417 3.2265734698681561E-02
2      0.750833 3.2252973280660548E-02
3      0.751250 3.2240148234447250E-02
4      0.751667 3.2227259306406499E-02
5      0.752083 3.2214306242142908E-02
6      0.752500 3.2201288786499888E-02
7      0.752917 3.2188206683558700E-02
8      0.753333 3.2175059676637460E-02
9      0.753750 3.2161847508290195E-02
10     0.754167 3.2148569920305889E-02
11     0.754583 3.2135226653707535E-02
12     0.755000 3.2121817448751172E-02
13     0.755417 3.2108342044924958E-02
14     0.755833 3.2094800180948235E-02
15     0.756250 3.2081191594770575E-02
16     0.756667 3.2067516023570886E-02
17     0.757083 3.2053773203756471E-02
18     0.757500 3.2039962870962099E-02
19     0.757917 3.2026084760049131E-02
20     0.758333 3.2012138605104552E-02
21     0.758750 3.1998124139440136E-02
22     0.759167 3.1984041095591498E-02
23     0.759583 3.1969889205317237E-02
24     0.760000 3.1955668199598018E-02
25     0.760417 3.1941377808635707E-02
26     0.760833 3.1927017761852500E-02
27     0.761250 3.1912587787890030E-02
28     0.761667 3.1898087614608522E-02
29     0.762083 3.1883516969085916E-02
30     0.762500 3.1868875577617028E-02
31     0.762917 3.1854163165712671E-02
32     0.763333 3.1839379458098838E-02
33     0.763750 3.1824524178715861E-02
34     0.764167 3.1809597050717550E-02
35     0.764583 3.1794597796470384E-02
36     0.765000 3.1779526137552680E-02
37     0.765417 3.1764381794753792E-02
38     0.765833 3.1749164488073273E-02
39     0.766250 3.1733873936720065E-02
40     0.766667 3.1718509859111732E-02
41     0.767083 3.1703071972873635E-02
42     0.767500 3.1687559994838140E-02
43     0.767917 3.1671973641043849E-02
44     0.768333 3.1656312626734795E-02
45     0.768750 3.1640576666359721E-02
46     0.769167 3.1624765473571244E-02
47     0.769583 3.1608878761225138E-02
48     0.770000 3.1592916241379568E-02
49     0.770417 3.1576877625294326E-02
50     0.770833 3.1560762623430105E-02
51     0.771250 3.1544570945447749E-02
52     0.771667 3.1528302300207520E-02
53     0.772083 3.1511956395768384E-02
54     0.772500 3.1495532939387255E-02
55     0.772917 3.1479031637518327E-02
56     0.773333 3.1462452195812327E-02
57     0.773750 3.1445794319115844E-02
58     0.774167 3.1429057711470587E-02
59     0.774583 3.1412242076112741E-02
60     0.775000 3.1395347115472261E-02
61     0.775417 3.1378372531172177E-02
62     0.775833 3.1361318024027959E-02
63     0.776250 3.1344183294046826E-02
64     0.776667 3.1326968040427075E-02
65     0.777083 3.1309671961557456E-02
66     0.777500 3.1292294755016506E-02
67     0.777917 3.1274836117571911E-02
68     0.778333 3.1257295745179874E-02
69     0.778750 3.1239673332984483E-02
70     0.779167 3.1221968575317088E-02
71     0.779583 3.1204181165695687E-02
72     0.780000 3.1186310796824317E-02
73     0.780417 3.1168357160592450E-02
74     0.780833 3.1150319948074396E-02
75     0.781250 3.1132198849528718E-02
76     0.781667 3.1113993554397638E-02
77     0.782083 3.1095703751306471E-02
78     0.782500 3.1077329128063047E-02
79     0.782917 3.1058869371657159E-02
80     0.783333 3.1040324168259994E-02
81     0.783750 3.1021693203223580E-02
82     0.784167 3.1002976161080262E-02
83     0.784583 3.0984172725542138E-02
84     0.785000 3.0965282579500555E-02
85     0.785417 3.0946305405025569E-02
86     0.785833 3.0927240883365431E-02
87     0.786250 3.0908088694946090E-02
88     0.786667 3.0888848519370675E-02
89     0.787083 3.0869520035418999E-02
90     0.787500 3.0850102921047083E-02
91     0.787917 3.0830596853386669E-02
92     0.788333 3.0811001508744738E-02
93     0.788750 3.0791316562603047E-02
94     0.789167 3.0771541689617668E-02
95     0.789583 3.0751676563618536E-02
96     0.790000 3.0731720857609002E-02
97     0.790417 3.0711674243765384E-02
98     0.790833 3.0691536393436553E-02
99     0.791250 3.0671306977143487E-02
100    0.791667 3.0650985664578870E-02
101    0.792083 3.0630572124606667E-02
102    0.792500 3.0610066025261728E-02
103    0.792917 3.0589467033749391E-02
104    0.793333 3.0568774816445092E-02
105    0.793750 3.0547989038893976E-02
106    0.794167 3.0527109365810538E-02
107    0.794583 3.0506135461078238E-02
108    0.795000 3.0485066987749151E-02
109    0.795417 3.0463903608043623E-02
110    0.795833 3.0442644983349899E-02
111    0.796250 3.0421290774223810E-02
112    0.796667 3.0399840640388434E-02
113    0.797083 3.0378294240733773E-02
114    0.797500 3.0356651233316441E-02
115    0.797917 3.0334911275359349E-02
116    0.798333 3.0313074023251410E-02
117    0.798750 3.0291139132547253E-02
118    0.799167 3.0269106257966916E-02
119    0.799583 3.0246975053395599E-02
120    0.800000 3.0224745171883373E-02
121    0.800417 3.0202416265644919E-02
122    0.800833 3.0179987986059285E-02
123    0.801250 3.0157459983669629E-02
124    0.801667 3.0134831908182988E-02
125    0.802083 3.0112103408470037E-02
126    0.802500 3.0089274132564875E-02
127    0.802917 3.0066343727664806E-02
128    0.803333 3.0043311840130128E-02
129    0.803750 3.0020178115483947E-02
130    0.804167 2.9996942198411966E-02
131    0.804583 2.9973603732762307E-02
132    0.805000 2.9950162361545345E-02
133    0.805417 2.9926617726933533E-02
134    0.805833 2.9902969470261234E-02
135    0.806250 2.9879217232024587E-02
136    0.806667 2.9855360651881338E-02
137    0.807083 2.9831399368650729E-02
138    0.807500 2.9807333020313354E-02
139    0.807917 2.9783161244011043E-02
140    0.808333 2.9758883676046753E-02
141    0.808750 2.9734499951884468E-02
142    0.809167 2.9710009706149086E-02
143    0.809583 2.9685412572626350E-02
144    0.810000 2.9660708184262762E-02
145    0.810417 2.9635896173165508E-02
146    0.810833 2.9610976170602397E-02
147    0.811250 2.9585947807001814E-02
148    0.811667 2.9560810711952663E-02
149    0.812083 2.9535564514204336E-02
150    0.812500 2.9510208841666677E-02
151    0.812917 2.9484743321409962E-02
152    0.813333 2.9459167579664897E-02
153    0.813750 2.9433481241822594E-02
154    0.814167 2.9407683932434588E-02
155    0.814583 2.9381775275212844E-02
156    0.815000 2.9355754893029783E-02
157    0.815417 2.9329622407918303E-02
158    0.815833 2.9303377441071816E-02
159    0.816250 2.9277019612844301E-02
160    0.816667 2.9250548542750353E-02
161    0.817083 2.9223963849465250E-02
162    0.817500 2.9197265150825019E-02
163    0.817917 2.9170452063826516E-02
164    0.818333 2.9143524204627520E-02
165    0.818750 2.9116481188546817E-02
166    0.819167 2.9089322630064324E-02
167    0.819583 2.9062048142821192E-02
168    0.820000 2.9034657339619931E-02
169    0.820417 2.9007149832424535E-02
170    0.820833 2.8979525232360630E-02
171    0.821250 2.8951783149715620E-02
172    0.821667 2.8923923193938848E-02
173    0.822083 2.8895944973641750E-02
174    0.822500 2.8867848096598051E-02
175    0.822917 2.8839632169743928E-02
176    0.823333 2.8811296799178210E-02
177    0.823750 2.8782841590162582E-02
178    0.824167 2.8754266147121788E-02
179    0.824583 2.8725570073643861E-02
180    0.825000 2.8696752972480335E-02
181    0.825417 2.8667814445546495E-02
182    0.825833 2.8638754093921619E-02
183    0.826250 2.8609571517849226E-02
184    0.826667 2.8580266316737345E-02
185    0.827083 2.8550838089158780E-02
186    0.827500 2.8521286432851404E-02
187    0.827917 2.8491610944718436E-02
188    0.828333 2.8461811220828748E-02
189    0.828750 2.8431886856417159E-02
190    0.829167 2.8401837445884773E-02
191    0.829583 2.8371662582799280E-02
192    0.830000 2.8341361859895321E-02
193    0.830417 2.8310934869074794E-02
194    0.830833 2.8280381201407245E-02
195    0.831250 2.8249700447130197E-02
196    0.831667 2.8218892195649544E-02
197    0.832083 2.8187956035539918E-02
198    0.832500 2.8156891554545080E-02
199    0.832917 2.8125698339578321E-02
200    0.833333 2.8094375976722874E-02
201    0.833750 2.8062924051232313E-02
202    0.834167 2.8031342147530995E-02
203    0.834583 2.7999629849214482E-02
204    0.835000 2.7967786739050000E-02
205    0.835417 2.7935812398976877E-02
206    0.835833 2.7903706410107018E-02
207    0.836250 2.7871468352725359E-02
208    0.836667 2.7839097806290361E-02
209    0.837083 2.7806594349434499E-02
210    0.837500 2.7773957559964754E-02
211    0.837917 2.7741187014863122E-02
212    0.838333 2.7708282290287135E-02
213    0.838750 2.7675242961570392E-02
214    0.839167 2.7642068603223081E-02
215    0.839583 2.7608758788932531E-02
216    0.840000 2.7575313091563771E-02
217    0.840417 2.7541731083160090E-02
218    0.840833 2.7508012334943606E-02
219    0.841250 2.7474156417315852E-02
220    0.841667 2.7440162899858369E-02
221    0.842083 2.7406031351333307E-02
222    0.842500 2.7371761339684025E-02
223    0.842917 2.7337352432035722E-02
224    0.843333 2.7302804194696065E-02
225    0.843750 2.7268116193155827E-02
226    0.844167 2.7233287992089520E-02
227    0.844583 2.7198319155356074E-02
228    0.845000 2.7163209245999492E-02
229    0.845417 2.7127957826249528E-02
230    0.845833 2.7092564457522367E-02
231    0.846250 2.7057028700421325E-02
232    0.846667 2.7021350114737552E-02
233    0.847083 2.6985528259450751E-02
234    0.847500 2.6949562692729884E-02
235    0.847917 2.6913452971933923E-02
236    0.848333 2.6877198653612586E-02
237    0.848750 2.6840799293507075E-02
238    0.849167 2.6804254446550858E-02
239    0.849583 2.6767563666870425E-02
240    0.850000 2.6730726507786070E-02
241    0.850417 2.6693742521812683E-02
242    0.850833 2.6656611260660552E-02
243    0.851250 2.6619332275236152E-02
244    0.851667 2.6581905115642991E-02
245    0.852083 2.6544329331182406E-02
246    0.852500 2.6506604470354432E-02
247    0.852917 2.6468730080858621E-02
248    0.853333 2.6430705709594909E-02
249    0.853750 2.6392530902664486E-02
250    0.854167 2.6354205205370657E-02
251    0.854583 2.6315728162219734E-02
252    0.855000 2.6277099316921931E-02
253    0.855417 2.6238318212392264E-02
254    0.855833 2.6199384390751465E-02
255    0.856250 2.6160297393326898E-02
256    0.856667 2.6121056760653502E-02
257    0.857083 2.6081662032474723E-02
258    0.857500 2.6042112747743471E-02
259    0.857917 2.6002408444623069E-02
260    0.858333 2.5962548660488242E-02
261    0.858750 2.5922532931926073E-02
262    0.859167 2.5882360794737012E-02
263    0.859583 2.5842031783935859E-02
264    0.860000 2.5801545433752786E-02
265    0.860417 2.5760901277634338E-02
266    0.860833 2.5720098848244478E-02
267    0.861250 2.5679137677465616E-02
268    0.861667 2.5638017296399647E-02
269    0.862083 2.5596737235369017E-02
270    0.862500 2.5555297023917782E-02
271    0.862917 2.5513696190812687E-02
272    0.863333 2.5471934264044253E-02
273    0.863750 2.5430010770827856E-02
274    0.864167 2.5387925237604855E-02
275    0.864583 2.5345677190043679E-02
276    0.865000 2.5303266153040967E-02
277    0.865417 2.5260691650722696E-02
278    0.865833 2.5217953206445314E-02
279    0.866250 2.5175050342796906E-02
280    0.866667 2.5131982581598343E-02
281    0.867083 2.5088749443904455E-02
282    0.867500 2.5045350450005215E-02
283    0.867917 2.5001785119426918E-02
284    0.868333 2.4958052970933391E-02
285    0.868750 2.4914153522527197E-02
286    0.869167 2.4870086291450853E-02
287    0.869583 2.4825850794188052E-02
288    0.870000 2.4781446546464914E-02
289    0.870417 2.4736873063251213E-02
290    0.870833 2.4692129858761649E-02
291    0.871250 2.4647216446457107E-02
292    0.871667 2.4602132339045926E-02
293    0.872083 2.4556877048485193E-02
294    0.872500 2.4511450085982042E-02
295    0.872917 2.4465850961994932E-02
296    0.873333 2.4420079186234997E-02
297    0.873750 2.4374134267667324E-02
298    0.874167 2.4328015714512326E-02
299    0.874583 2.4281723034247062E-02
0      0.875000 2.4235255733606586E-02
1      0.875417 2.4188786412953932E-02
2      0.875833 2.4142141481688965E-02
3      0.876250 2.4095320443585654E-02
4      0.876667 2.4048322801681496E-02
5      0.877083 2.4001148058278927E-02
6      0.877500 2.3953795714946748E-02
7      0.877917 2.3906265272521550E-02
8      0.878333 2.3858556231109131E-02
9      0.878750 2.3810668090085967E-02
10     0.879167 2.3762600348100651E-02
11     0.879583 2.3714352503075357E-02
12     0.880000 2.3665924052207320E-02
13     0.880417 2.3617314491970305E-02
14     0.880833 2.3568523318116121E-02
15     0.881250 2.3519550025676100E-02
16     0.881667 2.3470394108962626E-02
17     0.882083 2.3421055061570634E-02
18     0.882500 2.3371532376379157E-02
19     0.882917 2.3321825545552857E-02
20     0.883333 2.3271934060543571E-02
21     0.883750 2.3221857412091877E-02
22     0.884167 2.3171595090228647E-02
23     0.884583 2.3121146584276629E-02
24     0.885000 2.3070511382852033E-02
25     0.885417 2.3019688973866130E-02
26     0.885833 2.2968678844526844E-02
27     0.886250 2.2917480481340371E-02
28     0.886667 2.2866093370112795E-02
29     0.887083 2.2814516995951727E-02
30     0.887500 2.2762750843267940E-02
31     0.887917 2.2710794395777022E-02
32     0.888333 2.2658647136501023E-02
33     0.888750 2.2606308547770140E-02
34     0.889167 2.2553778111224380E-02
35     0.889583 2.2501055307815251E-02
36     0.890000 2.2448139617807457E-02
37     0.890417 2.2395030520780602E-02
38     0.890833 2.2341727495630896E-02
39     0.891250 2.2288230020572893E-02
40     0.891667 2.2234537573141207E-02
41     0.892083 2.2180649630192249E-02
42     0.892500 2.2126565667906002E-02
43     0.892917 2.2072285161787743E-02
44     0.893333 2.2017807586669838E-02
45     0.893750 2.1963132416713514E-02
46     0.894167 2.1908259125410629E-02
47     0.894583 2.1853187185585481E-02
48     0.895000 2.1797916069396607E-02
49     0.895417 2.1742445248338585E-02
50     0.895833 2.1686774193243875E-02
51     0.896250 2.1630902374284632E-02
52     0.896667 2.1574829260974544E-02
53     0.897083 2.1518554322170695E-02
54     0.897500 2.1462077026075405E-02
55     0.897917 2.1405396840238101E-02
56     0.898333 2.1348513231557197E-02
57     0.898750 2.1291425666281963E-02
58     0.899167 2.1234133610014430E-02
59     0.899583 2.1176636527711276E-02
60     0.900000 2.1118933883685749E-02
61     0.900417 2.1061025141609575E-02
62     0.900833 2.1002909764514889E-02
63     0.901250 2.0944587214796171E-02
64     0.901667 2.0886056954212182E-02
65     0.902083 2.0827318443887917E-02
66     0.902500 2.0768371144316580E-02
67     0.902917 2.0709214515361535E-02
68     0.903333 2.0649848016258292E-02
69     0.903750 2.0590271105616495E-02
70     0.904167 2.0530483241421919E-02
71     0.904583 2.0470483881038462E-02
72     0.905000 2.0410272481210169E-02
73     0.905417 2.0349848498063251E-02
74     0.905833 2.0289211387108104E-02
75     0.906250 2.0228360603241360E-02
76     0.906667 2.0167295600747922E-02
77     0.907083 2.0106015833303022E-02
78     0.907500 2.0044520753974282E-02
79     0.907917 1.9982809815223795E-02
80     0.908333 1.9920882468910189E-02
81     0.908750 1.9858738166290722E-02
82     0.909167 1.9796376358023376E-02
83     0.909583 1.9733796494168964E-02
84     0.910000 1.9670998024193240E-02
85     0.910417 1.9607980396969017E-02
86     0.910833 1.9544743060778302E-02
87     0.911250 1.9481285463314426E-02
88     0.911667 1.9417607051684188E-02
89     0.912083 1.9353707272410023E-02
90     0.912500 1.9289585571432143E-02
91     0.912917 1.9225241394110713E-02
92     0.913333 1.9160674185228037E-02
93     0.913750 1.9095883388990736E-02
94     0.914167 1.9030868449031943E-02
95     0.914583 1.8965628808413494E-02
96     0.915000 1.8900163909628155E-02
97     0.915417 1.8834473194601829E-02
98     0.915833 1.8768556104695779E-02
99     0.916250 1.8702412080708865E-02
100    0.916667 1.8636040562879784E-02
101    0.917083 1.8569440990889322E-02
102    0.917500 1.8502612803862596E-02
103    0.917917 1.8435555440371343E-02
104    0.918333 1.8368268338436168E-02
105    0.918750 1.8300750935528833E-02
106    0.919167 1.8233002668574545E-02
107    0.919583 1.8165022973954247E-02
108    0.920000 1.8096811287506929E-02
109    0.920417 1.8028367044531930E-02
110    0.920833 1.7959689679791252E-02
111    0.921250 1.7890778627511900E-02
112    0.921667 1.7821633321388197E-02
113    0.922083 1.7752253194584140E-02
114    0.922500 1.7682637679735734E-02
115    0.922917 1.7612786208953363E-02
116    0.923333 1.7542698213824134E-02
117    0.923750 1.7472373125414255E-02
118    0.924167 1.7401810374271420E-02
119    0.924583 1.7331009390427185E-02
120    0.925000 1.7259969603399358E-02
121    0.925417 1.7188690442194402E-02
122    0.925833 1.7117171335309843E-02
123    0.926250 1.7045411710736681E-02
124    0.926667 1.6973410995961807E-02
125    0.927083 1.6901168617970440E-02
126    0.927500 1.6828684003248551E-02
127    0.927917 1.6755956577785319E-02
128    0.928333 1.6682985767075560E-02
129    0.928750 1.6609770996122208E-02
130    0.929167 1.6536311689438754E-02
131    0.929583 1.6462607271051727E-02
132    0.930000 1.6388657164503179E-02
133    0.930417 1.6314460792853154E-02
134    0.930833 1.6240017578682188E-02
135    0.931250 1.6165326944093804E-02
136    0.931667 1.6090388310717012E-02
137    0.932083 1.6015201099708824E-02
138    0.932500 1.5939764731756779E-02
139    0.932917 1.5864078627081453E-02
140    0.933333 1.5788142205439001E-02
141    0.933750 1.5711954886123692E-02
142    0.934167 1.5635516087970452E-02
143    0.934583 1.5558825229357412E-02
144    0.935000 1.5481881728208477E-02
145    0.935417 1.5404685001995882E-02
146    0.935833 1.5327234467742755E-02
147    0.936250 1.5249529542025707E-02
148    0.936667 1.5171569640977408E-02
149    0.937083 1.5093354180289177E-02
150    0.937500 1.5014882575213584E-02
151    0.937917 1.4936154240567044E-02
152    0.938333 1.4857168590732434E-02
153    0.938750 1.4777925039661698E-02
154    0.939167 1.4698423000878478E-02
155    0.939583 1.4618661887480738E-02
156    0.940000 1.4538641112143388E-02
157    0.940417 1.4458360087120941E-02
158    0.940833 1.4377818224250142E-02
159    0.941250 1.4297014934952628E-02
160    0.941667 1.4215949630237585E-02
161    0.942083 1.4134621720704408E-02
162    0.942500 1.4053030616545375E-02
163    0.942917 1.3971175727548317E-02
164    0.943333 1.3889056463099307E-02
165    0.943750 1.3806672232185334E-02
166    0.944167 1.3724022443397006E-02
167    0.944583 1.3641106504931244E-02
168    0.945000 1.3557923824593992E-02
169    0.945417 1.3474473809802916E-02
170    0.945833 1.3390755867590131E-02
171    0.946250 1.3306769404604912E-02
172    0.946667 1.3222513827116424E-02
173    0.947083 1.3137988541016459E-02
174    0.947500 1.3053192951822166E-02
175    0.947917 1.2968126464678795E-02
176    0.948333 1.2882788484362450E-02
177    0.948750 1.2797178415282835E-02
178    0.949167 1.2711295661486023E-02
179    0.949583 1.2625139626657211E-02
180    0.950000 1.2538709714123495E-02
181    0.950417 1.2452005326856639E-02
182    0.950833 1.2365025867475862E-02
183    0.951250 1.2277770738250617E-02
184    0.951667 1.2190239341103385E-02
185    0.952083 1.2102431077612467E-02
186    0.952500 1.2014345349014785E-02
187    0.952917 1.1925981556208687E-02
188    0.953333 1.1837339099756759E-02
189    0.953750 1.1748417379888637E-02
190    0.954167 1.1659215796503825E-02
191    0.954583 1.1569733749174525E-02
192    0.955000 1.1479970637148465E-02
193    0.955417 1.1389925859351729E-02
194    0.955833 1.1299598814391597E-02
195    0.956250 1.1208988900559392E-02
196    0.956667 1.1118095515833324E-02
197    0.957083 1.1026918057881344E-02
198    0.957500 1.0935455924064003E-02
199    0.957917 1.0843708511437308E-02
200    0.958333 1.0751675216755593E-02
201    0.958750 1.0659355436474388E-02
202    0.959167 1.0566748566753296E-02
203    0.959583 1.0473854003458865E-02
204    0.960000 1.0380671142167478E-02
205    0.960417 1.0287199378168238E-02
206    0.960833 1.0193438106465863E-02
207    0.961250 1.0099386721783577E-02
208    0.961667 1.0005044618566012E-02
209    0.962083 9.9104111909821147E-03
210    0.962500 9.8154858329280517E-03
211    0.962917 9.7202679380301218E-03
212    0.963333 9.6247568996476757E-03
213    0.963750 9.5289521108760291E-03
214    0.964167 9.4328529645493955E-03
215    0.964583 9.3364588532438026E-03
216    0.965000 9.2397691692800380E-03
217    0.965417 9.1427833047265719E-03
218    0.965833 9.0455006514025046E-03
219    0.966250 8.9479206008805014E-03
220    0.966667 8.8500425444897456E-03
221    0.967083 8.7518658733188853E-03
222    0.967500 8.6533899782189894E-03
223    0.967917 8.5546142498064987E-03
224    0.968333 8.4555380784661904E-03
225    0.968750 8.3561608543541426E-03
226    0.969167 8.2564819674006990E-03
227    0.969583 8.1565008073134371E-03
228    0.970000 8.0562167635801468E-03
229    0.970417 7.9556292254718067E-03
230    0.970833 7.8547375820455581E-03
231    0.971250 7.7535412221476944E-03
232    0.971667 7.6520395344166449E-03
233    0.972083 7.5502319072859626E-03
234    0.972500 7.4481177289873199E-03
235    0.972917 7.3456963875535037E-03
236    0.973333 7.2429672708214090E-03
237    0.973750 7.1399297664350445E-03
238    0.974167 7.0365832618485341E-03
239    0.974583 6.9329271443291235E-03
240    0.975000 6.8289608009601916E-03
241    0.975417 6.7246836186442603E-03
242    0.975833 6.6200949841060111E-03
243    0.976250 6.5151942838952990E-03
244    0.976667 6.4099809043901765E-03
245    0.977083 6.3044542317999145E-03
246    0.977500 6.1986136521680248E-03
247    0.977917 6.0924585513752920E-03
248    0.978333 5.9859883151427993E-03
249    0.978750 5.8792023290349616E-03
250    0.979167 5.7720999784625611E-03
251    0.979583 5.6646806486857822E-03
252    0.980000 5.5569437248172504E-03
253    0.980417 5.4488885918250731E-03
254    0.980833 5.3405146345358850E-03
255    0.981250 5.2318212376378905E-03
256    0.981667 5.1228077856839112E-03
257    0.982083 5.0134736630944362E-03
258    0.982500 4.9038182541606724E-03
259    0.982917 4.7938409430475981E-03
260    0.983333 4.6835411137970146E-03
261    0.983750 4.5729181503306087E-03
262    0.984167 4.4619714364530043E-03
263    0.984583 4.3507003558548281E-03
264    0.985000 4.2391042921157687E-03
265    0.985417 4.1271826287076381E-03
266    0.985833 4.0149347489974400E-03
267    0.986250 3.9023600362504351E-03
268    0.986667 3.7894578736332074E-03
269    0.987083 3.6762276442167362E-03
270    0.987500 3.5626687309794629E-03
271    0.987917 3.4487805168103673E-03
272    0.988333 3.3345623845120373E-03
273    0.988750 3.2200137168037451E-03
274    0.989167 3.1051338963245241E-03
275    0.989583 2.9899223056362432E-03
276    0.990000 2.8743783272266871E-03
277    0.990417 2.7585013435126337E-03
278    0.990833 2.6422907368429355E-03
279    0.991250 2.5257458895015998E-03
280    0.991667 2.4088661837108716E-03
281    0.992083 2.2916510016343147E-03
282    0.992500 2.1740997253798973E-03
283    0.992917 2.0562117370030758E-03
284    0.993333 1.9379864185098798E-03
285    0.993750 1.8194231518599980E-03
286    0.994167 1.7005213189698648E-03
287    0.994583 1.5812803017157481E-03
288    0.995000 1.4616994819368365E-03
289    0.995417 1.3417782414383277E-03
290    0.995833 1.2215159619945171E-03
291    0.996250 1.1009120253518865E-03
292    0.996667 9.7996581323219465E-04
293    0.997083 8.5867670733556594E-04
294    0.997500 7.3704408934358121E-04
295    0.997917 6.1506734092236788E-04
296    0.998333 4.9274584372569028E-04
297    0.998750 3.7007897939804040E-04
298    0.999167 2.4706612957772897E-04
299    0.999583 1.2370667589997559E-04
300    1.000000 0.0000000000000000E+00
