0      0.000000 0.0000000000000000E+00
1      0.000417 4.1649305555555558E-04
2      0.000833 8.3263888888888895E-04
3      0.001250 1.2484375000000000E-03
4      0.001667 1.6638888888888890E-03
5      0.002083 2.0789930555555557E-03
6      0.002500 2.4937500000000003E-03
7      0.002917 2.9081597222222221E-03
8      0.003333 3.3222222222222225E-03
9      0.003750 3.7359375000000001E-03
10     0.004167 4.1493055555555554E-03
11     0.004583 4.5623263888888883E-03
12     0.005000 4.9750000000000003E-03
13     0.005417 5.3873263888888894E-03
14     0.005833 5.7993055555555558E-03
15     0.006250 6.2109375000000003E-03
16     0.006667 6.6222222222222221E-03
17     0.007083 7.0331597222222228E-03
18     0.007500 7.4437500000000007E-03
19     0.007917 7.8539930555555568E-03
20     0.008333 8.2638888888888883E-03
21     0.008750 8.6734375000000006E-03
22     0.009167 9.0826388888888884E-03
23     0.009583 9.4914930555555568E-03
24     0.010000 9.9000000000000008E-03
25     0.010417 1.0308159722222224E-02
26     0.010833 1.0715972222222222E-02
27     0.011250 1.1123437500000001E-02
28     0.011667 1.1530555555555556E-02
29     0.012083 1.1937326388888890E-02
30     0.012500 1.2343750000000001E-02
31     0.012917 1.2749826388888890E-02
32     0.013333 1.3155555555555557E-02
33     0.013750 1.3560937500000000E-02
34     0.014167 1.3965972222222223E-02
35     0.014583 1.4370659722222224E-02
36     0.015000 1.4775000000000002E-02
37     0.015417 1.5178993055555557E-02
38     0.015833 1.5582638888888889E-02
39     0.016250 1.5985937500000002E-02
40     0.016667 1.6388888888888887E-02
41     0.017083 1.6791493055555558E-02
42     0.017500 1.7193750000000001E-02
43     0.017917 1.7595659722222223E-02
44     0.018333 1.7997222222222223E-02
45     0.018750 1.8398437500000003E-02
46     0.019167 1.8799305555555559E-02
47     0.019583 1.9199826388888890E-02
48     0.020000 1.9599999999999999E-02
49     0.020417 1.9999826388888888E-02
50     0.020833 2.0399305555555556E-02
51     0.021250 2.0798437500000003E-02
52     0.021667 2.1197222222222221E-02
53     0.022083 2.1595659722222223E-02
54     0.022500 2.1993750000000003E-02
55     0.022917 2.2391493055555555E-02
56     0.023333 2.2788888888888890E-02
57     0.023750 2.3185937500000000E-02
58     0.024167 2.3582638888888893E-02
59     0.024583 2.3978993055555557E-02
60     0.025000 2.4375000000000001E-02
61     0.025417 2.4770659722222223E-02
62     0.025833 2.5165972222222225E-02
63     0.026250 2.5560937500000002E-02
64     0.026667 2.5955555555555558E-02
65     0.027083 2.6349826388888890E-02
66     0.027500 2.6743750000000000E-02
67     0.027917 2.7137326388888890E-02
68     0.028333 2.7530555555555558E-02
69     0.028750 2.7923437499999999E-02
70     0.029167 2.8315972222222222E-02
71     0.029583 2.8708159722222227E-02
72     0.030000 2.9100000000000001E-02
73     0.030417 2.9491493055555557E-02
74     0.030833 2.9882638888888889E-02
75     0.031250 3.0273437500000000E-02
76     0.031667 3.0663888888888893E-02
77     0.032083 3.1053993055555559E-02
78     0.032500 3.1443749999999999E-02
79     0.032917 3.1833159722222226E-02
80     0.033333 3.2222222222222222E-02
81     0.033750 3.2610937500000006E-02
82     0.034167 3.2999305555555559E-02
83     0.034583 3.3387326388888888E-02
84     0.035000 3.3774999999999999E-02
85     0.035417 3.4162326388888886E-02
86     0.035833 3.4549305555555555E-02
87     0.036250 3.4935937500000007E-02
88     0.036667 3.5322222222222227E-02
89     0.037083 3.5708159722222223E-02
90     0.037500 3.6093750000000008E-02
91     0.037917 3.6478993055555554E-02
92     0.038333 3.6863888888888890E-02
93     0.038750 3.7248437500000002E-02
94     0.039167 3.7632638888888889E-02
95     0.039583 3.8016493055555559E-02
96     0.040000 3.8399999999999997E-02
97     0.040417 3.8783159722222224E-02
98     0.040833 3.9165972222222227E-02
99     0.041250 3.9548437499999999E-02
100    0.041667 3.9930555555555559E-02
101    0.042083 4.0312326388888889E-02
102    0.042500 4.0693750000000001E-02
103    0.042917 4.1074826388888895E-02
104    0.043333 4.1455555555555558E-02
105    0.043750 4.1835937500000003E-02
106    0.044167 4.2215972222222224E-02
107    0.044583 4.2595659722222227E-02
108    0.045000 4.2975000000000006E-02
109    0.045417 4.3353993055555554E-02
110    0.045833 4.3732638888888890E-02
111    0.046250 4.4110937500000003E-02
112    0.046667 4.4488888888888890E-02
113    0.047083 4.4866493055555560E-02
114    0.047500 4.5243749999999999E-02
115    0.047917 4.5620659722222220E-02
116    0.048333 4.5997222222222231E-02
117    0.048750 4.6373437500000003E-02
118    0.049167 4.6749305555555558E-02
119    0.049583 4.7124826388888888E-02
120    0.050000 4.7500000000000001E-02
121    0.050417 4.7874826388888896E-02
122    0.050833 4.8249305555555559E-02
123    0.051250 4.8623437500000005E-02
124    0.051667 4.8997222222222227E-02
125    0.052083 4.9370659722222224E-02
126    0.052500 4.9743750000000003E-02
127    0.052917 5.0116493055555551E-02
128    0.053333 5.0488888888888889E-02
129    0.053750 5.0860937500000009E-02
130    0.054167 5.1232638888888890E-02
131    0.054583 5.1603993055555561E-02
132    0.055000 5.1975000000000000E-02
133    0.055417 5.2345659722222222E-02
134    0.055833 5.2715972222222227E-02
135    0.056250 5.3085937499999999E-02
136    0.056667 5.3455555555555562E-02
137    0.057083 5.3824826388888893E-02
138    0.057500 5.4193750000000006E-02
139    0.057917 5.4562326388888895E-02
140    0.058333 5.4930555555555559E-02
141    0.058750 5.5298437500000006E-02
142    0.059167 5.5665972222222228E-02
143    0.059583 5.6033159722222226E-02
144    0.060000 5.6399999999999999E-02
145    0.060417 5.6766493055555554E-02
146    0.060833 5.7132638888888893E-02
147    0.061250 5.7498437500000006E-02
148    0.061667 5.7863888888888888E-02
149    0.062083 5.8228993055555560E-02
150    0.062500 5.8593750000000000E-02
151    0.062917 5.8958159722222230E-02
152    0.063333 5.9322222222222228E-02
153    0.063750 5.9685937500000001E-02
154    0.064167 6.0049305555555564E-02
155    0.064583 6.0412326388888896E-02
156    0.065000 6.0775000000000003E-02
157    0.065417 6.1137326388888885E-02
158    0.065833 6.1499305555555564E-02
159    0.066250 6.1860937500000004E-02
160    0.066667 6.2222222222222220E-02
161    0.067083 6.2583159722222226E-02
162    0.067500 6.2943750000000007E-02
163    0.067917 6.3303993055555563E-02
164    0.068333 6.3663888888888895E-02
165    0.068750 6.4023437500000002E-02
166    0.069167 6.4382638888888885E-02
167    0.069583 6.4741493055555571E-02
168    0.070000 6.5100000000000005E-02
169    0.070417 6.5458159722222228E-02
170    0.070833 6.5815972222222227E-02
171    0.071250 6.6173437500000001E-02
172    0.071667 6.6530555555555565E-02
173    0.072083 6.6887326388888890E-02
174    0.072500 6.7243750000000005E-02
175    0.072917 6.7599826388888895E-02
176    0.073333 6.7955555555555561E-02
177    0.073750 6.8310937500000016E-02
178    0.074167 6.8665972222222219E-02
179    0.074583 6.9020659722222225E-02
180    0.075000 6.9375000000000020E-02
181    0.075417 6.9728993055555563E-02
182    0.075833 7.0082638888888896E-02
183    0.076250 7.0435937499999990E-02
184    0.076667 7.0788888888888901E-02
185    0.077083 7.1141493055555560E-02
186    0.077500 7.1493749999999995E-02
187    0.077917 7.1845659722222233E-02
188    0.078333 7.2197222222222218E-02
189    0.078750 7.2548437500000007E-02
190    0.079167 7.2899305555555557E-02
191    0.079583 7.3249826388888897E-02
192    0.080000 7.3599999999999999E-02
193    0.080417 7.3949826388888903E-02
194    0.080833 7.4299305555555570E-02
195    0.081250 7.4648437499999998E-02
196    0.081667 7.4997222222222215E-02
197    0.082083 7.5345659722222236E-02
198    0.082500 7.5693750000000004E-02
199    0.082917 7.6041493055555562E-02
200    0.083333 7.6388888888888895E-02
201    0.083750 7.6735937500000004E-02
202    0.084167 7.7082638888888888E-02
203    0.084583 7.7428993055555562E-02
204    0.085000 7.7775000000000011E-02
205    0.085417 7.8120659722222222E-02
206    0.085833 7.8465972222222236E-02
207    0.086250 7.8810937499999997E-02
208    0.086667 7.9155555555555562E-02
209    0.087083 7.9499826388888889E-02
210    0.087500 7.9843750000000005E-02
211    0.087917 8.0187326388888897E-02
212    0.088333 8.0530555555555550E-02
213    0.088750 8.0873437500000006E-02
214    0.089167 8.1215972222222238E-02
215    0.089583 8.1558159722222218E-02
216    0.090000 8.1900000000000014E-02
217    0.090417 8.2241493055555559E-02
218    0.090833 8.2582638888888893E-02
219    0.091250 8.2923437500000002E-02
220    0.091667 8.3263888888888901E-02
221    0.092083 8.3603993055555562E-02
222    0.092500 8.3943750000000011E-02
223    0.092917 8.4283159722222237E-02
224    0.093333 8.4622222222222224E-02
225    0.093750 8.4960937500000000E-02
226    0.094167 8.5299305555555552E-02
227    0.094583 8.5637326388888893E-02
228    0.095000 8.5975000000000010E-02
229    0.095417 8.6312326388888888E-02
230    0.095833 8.6649305555555556E-02
231    0.096250 8.6985937500000013E-02
232    0.096667 8.7322222222222232E-02
233    0.097083 8.7658159722222226E-02
234    0.097500 8.7993749999999996E-02
235    0.097917 8.8328993055555569E-02
236    0.098333 8.8663888888888889E-02
237    0.098750 8.8998437499999999E-02
238    0.099167 8.9332638888888899E-02
239    0.099583 8.9666493055555560E-02
240    0.100000 9.0000000000000011E-02
241    0.100417 9.0333159722222223E-02
242    0.100833 9.0665972222222238E-02
243    0.101250 9.0998437500000001E-02
244    0.101667 9.1330555555555554E-02
245    0.102083 9.1662326388888909E-02
246    0.102500 9.1993749999999999E-02
247    0.102917 9.2324826388888892E-02
248    0.103333 9.2655555555555560E-02
249    0.103750 9.2985937500000004E-02
250    0.104167 9.3315972222222224E-02
251    0.104583 9.3645659722222219E-02
252    0.105000 9.3975000000000017E-02
253    0.105417 9.4303993055555549E-02
254    0.105833 9.4632638888888884E-02
255    0.106250 9.4960937500000009E-02
256    0.106667 9.5288888888888895E-02
257    0.107083 9.5616493055555557E-02
258    0.107500 9.5943750000000008E-02
259    0.107917 9.6270659722222235E-02
260    0.108333 9.6597222222222223E-02
261    0.108750 9.6923437500000015E-02
262    0.109167 9.7249305555555568E-02
263    0.109583 9.7574826388888883E-02
264    0.110000 9.7900000000000001E-02
265    0.110417 9.8224826388888895E-02
266    0.110833 9.8549305555555564E-02
267    0.111250 9.8873437500000008E-02
268    0.111667 9.9197222222222228E-02
269    0.112083 9.9520659722222224E-02
270    0.112500 9.9843749999999995E-02
271    0.112917 1.0016649305555557E-01
272    0.113333 1.0048888888888891E-01
273    0.113750 1.0081093750000000E-01
274    0.114167 1.0113263888888890E-01
275    0.114583 1.0145399305555557E-01
276    0.115000 1.0177500000000000E-01
277    0.115417 1.0209565972222222E-01
278    0.115833 1.0241597222222223E-01
279    0.116250 1.0273593750000001E-01
280    0.116667 1.0305555555555555E-01
281    0.117083 1.0337482638888890E-01
282    0.117500 1.0369375000000000E-01
283    0.117917 1.0401232638888890E-01
284    0.118333 1.0433055555555557E-01
285    0.118750 1.0464843750000001E-01
286    0.119167 1.0496597222222223E-01
287    0.119583 1.0528315972222223E-01
288    0.120000 1.0560000000000001E-01
289    0.120417 1.0591649305555556E-01
290    0.120833 1.0623263888888888E-01
291    0.121250 1.0654843750000001E-01
292    0.121667 1.0686388888888890E-01
293    0.122083 1.0717899305555556E-01
294    0.122500 1.0749375000000000E-01
295    0.122917 1.0780815972222223E-01
296    0.123333 1.0812222222222223E-01
297    0.123750 1.0843593750000001E-01
298    0.124167 1.0874930555555556E-01
299    0.124583 1.0906232638888888E-01
300    0.125000 1.0937500000000000E-01
301    0.125417 1.0968732638888889E-01
302    0.125833 1.0999930555555557E-01
303    0.126250 1.1031093750000000E-01
304    0.126667 1.1062222222222223E-01
305    0.127083 1.1093315972222224E-01
306    0.127500 1.1124375000000000E-01
307    0.127917 1.1155399305555556E-01
308    0.128333 1.1186388888888890E-01
309    0.128750 1.1217343750000000E-01
310    0.129167 1.1248263888888890E-01
311    0.129583 1.1279149305555554E-01
312    0.130000 1.1310000000000001E-01
313    0.130417 1.1340815972222223E-01
314    0.130833 1.1371597222222221E-01
315    0.131250 1.1402343750000000E-01
316    0.131667 1.1433055555555556E-01
317    0.132083 1.1463732638888889E-01
318    0.132500 1.1494375000000000E-01
319    0.132917 1.1524982638888891E-01
320    0.133333 1.1555555555555556E-01
321    0.133750 1.1586093750000000E-01
322    0.134167 1.1616597222222223E-01
323    0.134583 1.1647065972222223E-01
324    0.135000 1.1677500000000000E-01
325    0.135417 1.1707899305555557E-01
326    0.135833 1.1738263888888889E-01
327    0.136250 1.1768593750000002E-01
328    0.136667 1.1798888888888889E-01
329    0.137083 1.1829149305555556E-01
330    0.137500 1.1859375000000001E-01
331    0.137917 1.1889565972222224E-01
332    0.138333 1.1919722222222223E-01
333    0.138750 1.1949843750000000E-01
334    0.139167 1.1979930555555557E-01
335    0.139583 1.2009982638888889E-01
336    0.140000 1.2040000000000001E-01
337    0.140417 1.2069982638888889E-01
338    0.140833 1.2099930555555556E-01
339    0.141250 1.2129843750000001E-01
340    0.141667 1.2159722222222223E-01
341    0.142083 1.2189565972222223E-01
342    0.142500 1.2219375000000000E-01
343    0.142917 1.2249149305555555E-01
344    0.143333 1.2278888888888889E-01
345    0.143750 1.2308593750000001E-01
346    0.144167 1.2338263888888888E-01
347    0.144583 1.2367899305555557E-01
348    0.145000 1.2397500000000002E-01
349    0.145417 1.2427065972222223E-01
350    0.145833 1.2456597222222222E-01
351    0.146250 1.2486093750000002E-01
352    0.146667 1.2515555555555555E-01
353    0.147083 1.2544982638888891E-01
354    0.147500 1.2574375000000002E-01
355    0.147917 1.2603732638888890E-01
356    0.148333 1.2633055555555556E-01
357    0.148750 1.2662343750000002E-01
358    0.149167 1.2691597222222223E-01
359    0.149583 1.2720815972222221E-01
360    0.150000 1.2750000000000000E-01
361    0.150417 1.2779149305555557E-01
362    0.150833 1.2808263888888891E-01
363    0.151250 1.2837343750000002E-01
364    0.151667 1.2866388888888891E-01
365    0.152083 1.2895399305555558E-01
366    0.152500 1.2924374999999999E-01
367    0.152917 1.2953315972222224E-01
368    0.153333 1.2982222222222223E-01
369    0.153750 1.3011093750000000E-01
370    0.154167 1.3039930555555557E-01
371    0.154583 1.3068732638888891E-01
372    0.155000 1.3097500000000001E-01
373    0.155417 1.3126232638888891E-01
374    0.155833 1.3154930555555555E-01
375    0.156250 1.3183593750000000E-01
376    0.156667 1.3212222222222222E-01
377    0.157083 1.3240815972222222E-01
378    0.157500 1.3269375000000000E-01
379    0.157917 1.3297899305555555E-01
380    0.158333 1.3326388888888890E-01
381    0.158750 1.3354843750000001E-01
382    0.159167 1.3383263888888891E-01
383    0.159583 1.3411649305555556E-01
384    0.160000 1.3439999999999999E-01
385    0.160417 1.3468315972222222E-01
386    0.160833 1.3496597222222223E-01
387    0.161250 1.3524843750000001E-01
388    0.161667 1.3553055555555557E-01
389    0.162083 1.3581232638888890E-01
390    0.162500 1.3609375000000001E-01
391    0.162917 1.3637482638888890E-01
392    0.163333 1.3665555555555556E-01
393    0.163750 1.3693593749999999E-01
394    0.164167 1.3721597222222223E-01
395    0.164583 1.3749565972222222E-01
396    0.165000 1.3777500000000001E-01
397    0.165417 1.3805399305555557E-01
398    0.165833 1.3833263888888889E-01
399    0.166250 1.3861093750000000E-01
400    0.166667 1.3888888888888890E-01
401    0.167083 1.3916649305555556E-01
402    0.167500 1.3944375000000001E-01
403    0.167917 1.3972065972222222E-01
404    0.168333 1.3999722222222222E-01
405    0.168750 1.4027343750000001E-01
406    0.169167 1.4054930555555556E-01
407    0.169583 1.4082482638888891E-01
408    0.170000 1.4110000000000000E-01
409    0.170417 1.4137482638888890E-01
410    0.170833 1.4164930555555555E-01
411    0.171250 1.4192343750000000E-01
412    0.171667 1.4219722222222225E-01
413    0.172083 1.4247065972222223E-01
414    0.172500 1.4274375000000000E-01
415    0.172917 1.4301649305555555E-01
416    0.173333 1.4328888888888888E-01
417    0.173750 1.4356093750000001E-01
418    0.174167 1.4383263888888889E-01
419    0.174583 1.4410399305555557E-01
420    0.175000 1.4437500000000000E-01
421    0.175417 1.4464565972222221E-01
422    0.175833 1.4491597222222224E-01
423    0.176250 1.4518593750000000E-01
424    0.176667 1.4545555555555556E-01
425    0.177083 1.4572482638888890E-01
426    0.177500 1.4599375000000001E-01
427    0.177917 1.4626232638888889E-01
428    0.178333 1.4653055555555555E-01
429    0.178750 1.4679843750000002E-01
430    0.179167 1.4706597222222223E-01
431    0.179583 1.4733315972222225E-01
432    0.180000 1.4760000000000001E-01
433    0.180417 1.4786649305555555E-01
434    0.180833 1.4813263888888889E-01
435    0.181250 1.4839843750000001E-01
436    0.181667 1.4866388888888890E-01
437    0.182083 1.4892899305555557E-01
438    0.182500 1.4919375000000001E-01
439    0.182917 1.4945815972222223E-01
440    0.183333 1.4972222222222223E-01
441    0.183750 1.4998593750000000E-01
442    0.184167 1.5024930555555555E-01
443    0.184583 1.5051232638888890E-01
444    0.185000 1.5077500000000002E-01
445    0.185417 1.5103732638888889E-01
446    0.185833 1.5129930555555557E-01
447    0.186250 1.5156093749999999E-01
448    0.186667 1.5182222222222222E-01
449    0.187083 1.5208315972222222E-01
450    0.187500 1.5234375000000000E-01
451    0.187917 1.5260399305555555E-01
452    0.188333 1.5286388888888891E-01
453    0.188750 1.5312343750000001E-01
454    0.189167 1.5338263888888889E-01
455    0.189583 1.5364149305555558E-01
456    0.190000 1.5390000000000001E-01
457    0.190417 1.5415815972222224E-01
458    0.190833 1.5441597222222223E-01
459    0.191250 1.5467343750000001E-01
460    0.191667 1.5493055555555557E-01
461    0.192083 1.5518732638888891E-01
462    0.192500 1.5544374999999999E-01
463    0.192917 1.5569982638888891E-01
464    0.193333 1.5595555555555557E-01
465    0.193750 1.5621093750000001E-01
466    0.194167 1.5646597222222222E-01
467    0.194583 1.5672065972222224E-01
468    0.195000 1.5697500000000000E-01
469    0.195417 1.5722899305555557E-01
470    0.195833 1.5748263888888892E-01
471    0.196250 1.5773593750000001E-01
472    0.196667 1.5798888888888890E-01
473    0.197083 1.5824149305555557E-01
474    0.197500 1.5849375000000002E-01
475    0.197917 1.5874565972222221E-01
476    0.198333 1.5899722222222221E-01
477    0.198750 1.5924843750000001E-01
478    0.199167 1.5949930555555555E-01
479    0.199583 1.5974982638888888E-01
480    0.200000 1.6000000000000003E-01
481    0.200417 1.6024982638888891E-01
482    0.200833 1.6049930555555555E-01
483    0.201250 1.6074843750000001E-01
484    0.201667 1.6099722222222224E-01
485    0.202083 1.6124565972222221E-01
486    0.202500 1.6149375000000002E-01
487    0.202917 1.6174149305555557E-01
488    0.203333 1.6198888888888888E-01
489    0.203750 1.6223593750000001E-01
490    0.204167 1.6248263888888889E-01
491    0.204583 1.6272899305555555E-01
492    0.205000 1.6297500000000001E-01
493    0.205417 1.6322065972222224E-01
494    0.205833 1.6346597222222223E-01
495    0.206250 1.6371093750000001E-01
496    0.206667 1.6395555555555558E-01
497    0.207083 1.6419982638888891E-01
498    0.207500 1.6444375000000000E-01
499    0.207917 1.6468732638888889E-01
500    0.208333 1.6493055555555555E-01
501    0.208750 1.6517343750000002E-01
502    0.209167 1.6541597222222221E-01
503    0.209583 1.6565815972222223E-01
504    0.210000 1.6590000000000002E-01
505    0.210417 1.6614149305555556E-01
506    0.210833 1.6638263888888891E-01
507    0.211250 1.6662343750000000E-01
508    0.211667 1.6686388888888889E-01
509    0.212083 1.6710399305555554E-01
510    0.212500 1.6734375000000001E-01
511    0.212917 1.6758315972222224E-01
512    0.213333 1.6782222222222223E-01
513    0.213750 1.6806093750000001E-01
514    0.214167 1.6829930555555558E-01
515    0.214583 1.6853732638888891E-01
516    0.215000 1.6877500000000001E-01
517    0.215417 1.6901232638888888E-01
518    0.215833 1.6924930555555556E-01
519    0.216250 1.6948593750000002E-01
520    0.216667 1.6972222222222222E-01
521    0.217083 1.6995815972222225E-01
522    0.217500 1.7019375000000000E-01
523    0.217917 1.7042899305555556E-01
524    0.218333 1.7066388888888889E-01
525    0.218750 1.7089843750000003E-01
526    0.219167 1.7113263888888888E-01
527    0.219583 1.7136649305555557E-01
528    0.220000 1.7160000000000000E-01
529    0.220417 1.7183315972222221E-01
530    0.220833 1.7206597222222225E-01
531    0.221250 1.7229843750000001E-01
532    0.221667 1.7253055555555558E-01
533    0.222083 1.7276232638888889E-01
534    0.222500 1.7299375000000000E-01
535    0.222917 1.7322482638888889E-01
536    0.223333 1.7345555555555556E-01
537    0.223750 1.7368593750000000E-01
538    0.224167 1.7391597222222224E-01
539    0.224583 1.7414565972222223E-01
540    0.225000 1.7437500000000000E-01
541    0.225417 1.7460399305555555E-01
542    0.225833 1.7483263888888892E-01
543    0.226250 1.7506093749999999E-01
544    0.226667 1.7528888888888891E-01
545    0.227083 1.7551649305555558E-01
546    0.227500 1.7574375000000000E-01
547    0.227917 1.7597065972222223E-01
548    0.228333 1.7619722222222223E-01
549    0.228750 1.7642343750000000E-01
550    0.229167 1.7664930555555555E-01
551    0.229583 1.7687482638888891E-01
552    0.230000 1.7710000000000001E-01
553    0.230417 1.7732482638888888E-01
554    0.230833 1.7754930555555556E-01
555    0.231250 1.7777343750000002E-01
556    0.231667 1.7799722222222222E-01
557    0.232083 1.7822065972222223E-01
558    0.232500 1.7844375000000001E-01
559    0.232917 1.7866649305555557E-01
560    0.233333 1.7888888888888888E-01
561    0.233750 1.7911093750000001E-01
562    0.234167 1.7933263888888892E-01
563    0.234583 1.7955399305555556E-01
564    0.235000 1.7977500000000002E-01
565    0.235417 1.7999565972222223E-01
566    0.235833 1.8021597222222221E-01
567    0.236250 1.8043593750000000E-01
568    0.236667 1.8065555555555557E-01
569    0.237083 1.8087482638888891E-01
570    0.237500 1.8109375000000000E-01
571    0.237917 1.8131232638888892E-01
572    0.238333 1.8153055555555558E-01
573    0.238750 1.8174843750000000E-01
574    0.239167 1.8196597222222222E-01
575    0.239583 1.8218315972222221E-01
576    0.240000 1.8240000000000001E-01
577    0.240417 1.8261649305555555E-01
578    0.240833 1.8283263888888890E-01
579    0.241250 1.8304843750000002E-01
580    0.241667 1.8326388888888889E-01
581    0.242083 1.8347899305555557E-01
582    0.242500 1.8369375000000002E-01
583    0.242917 1.8390815972222221E-01
584    0.243333 1.8412222222222221E-01
585    0.243750 1.8433593750000002E-01
586    0.244167 1.8454930555555557E-01
587    0.244583 1.8476232638888890E-01
588    0.245000 1.8497500000000003E-01
589    0.245417 1.8518732638888891E-01
590    0.245833 1.8539930555555556E-01
591    0.246250 1.8561093749999999E-01
592    0.246667 1.8582222222222222E-01
593    0.247083 1.8603315972222223E-01
594    0.247500 1.8624375000000001E-01
595    0.247917 1.8645399305555557E-01
596    0.248333 1.8666388888888891E-01
597    0.248750 1.8687343750000002E-01
598    0.249167 1.8708263888888890E-01
599    0.249583 1.8729149305555556E-01
600    0.250000 1.8750000000000000E-01
601    0.250417 1.8770815972222221E-01
602    0.250833 1.8791597222222223E-01
603    0.251250 1.8812343750000002E-01
604    0.251667 1.8833055555555558E-01
605    0.252083 1.8853732638888890E-01
606    0.252500 1.8874375000000002E-01
607    0.252917 1.8894982638888891E-01
608    0.253333 1.8915555555555555E-01
609    0.253750 1.8936093750000002E-01
610    0.254167 1.8956597222222227E-01
611    0.254583 1.8977065972222221E-01
612    0.255000 1.8997500000000000E-01
613    0.255417 1.9017899305555558E-01
614    0.255833 1.9038263888888890E-01
615    0.256250 1.9058593750000000E-01
616    0.256667 1.9078888888888890E-01
617    0.257083 1.9099149305555554E-01
618    0.257500 1.9119375000000000E-01
619    0.257917 1.9139565972222222E-01
620    0.258333 1.9159722222222225E-01
621    0.258750 1.9179843750000003E-01
622    0.259167 1.9199930555555556E-01
623    0.259583 1.9219982638888891E-01
624    0.260000 1.9240000000000002E-01
625    0.260417 1.9259982638888890E-01
626    0.260833 1.9279930555555558E-01
627    0.261250 1.9299843750000004E-01
628    0.261667 1.9319722222222221E-01
629    0.262083 1.9339565972222222E-01
630    0.262500 1.9359375000000001E-01
631    0.262917 1.9379149305555557E-01
632    0.263333 1.9398888888888888E-01
633    0.263750 1.9418593750000002E-01
634    0.264167 1.9438263888888888E-01
635    0.264583 1.9457899305555554E-01
636    0.265000 1.9477500000000000E-01
637    0.265417 1.9497065972222224E-01
638    0.265833 1.9516597222222223E-01
639    0.266250 1.9536093750000000E-01
640    0.266667 1.9555555555555557E-01
641    0.267083 1.9574982638888888E-01
642    0.267500 1.9594375000000000E-01
643    0.267917 1.9613732638888889E-01
644    0.268333 1.9633055555555559E-01
645    0.268750 1.9652343750000001E-01
646    0.269167 1.9671597222222223E-01
647    0.269583 1.9690815972222225E-01
648    0.270000 1.9710000000000000E-01
649    0.270417 1.9729149305555554E-01
650    0.270833 1.9748263888888890E-01
651    0.271250 1.9767343749999999E-01
652    0.271667 1.9786388888888887E-01
653    0.272083 1.9805399305555557E-01
654    0.272500 1.9824375000000002E-01
655    0.272917 1.9843315972222222E-01
656    0.273333 1.9862222222222223E-01
657    0.273750 1.9881093750000001E-01
658    0.274167 1.9899930555555556E-01
659    0.274583 1.9918732638888889E-01
660    0.275000 1.9937500000000000E-01
661    0.275417 1.9956232638888891E-01
662    0.275833 1.9974930555555556E-01
663    0.276250 1.9993593749999999E-01
664    0.276667 2.0012222222222223E-01
665    0.277083 2.0030815972222224E-01
666    0.277500 2.0049375000000000E-01
667    0.277917 2.0067899305555556E-01
668    0.278333 2.0086388888888893E-01
669    0.278750 2.0104843749999998E-01
670    0.279167 2.0123263888888890E-01
671    0.279583 2.0141649305555559E-01
672    0.280000 2.0160000000000000E-01
673    0.280417 2.0178315972222222E-01
674    0.280833 2.0196597222222223E-01
675    0.281250 2.0214843750000000E-01
676    0.281667 2.0233055555555554E-01
677    0.282083 2.0251232638888889E-01
678    0.282500 2.0269375000000003E-01
679    0.282917 2.0287482638888890E-01
680    0.283333 2.0305555555555554E-01
681    0.283750 2.0323593750000002E-01
682    0.284167 2.0341597222222224E-01
683    0.284583 2.0359565972222221E-01
684    0.285000 2.0377500000000001E-01
685    0.285417 2.0395399305555559E-01
686    0.285833 2.0413263888888888E-01
687    0.286250 2.0431093750000001E-01
688    0.286667 2.0448888888888891E-01
689    0.287083 2.0466649305555557E-01
690    0.287500 2.0484374999999999E-01
691    0.287917 2.0502065972222225E-01
692    0.288333 2.0519722222222223E-01
693    0.288750 2.0537343749999998E-01
694    0.289167 2.0554930555555556E-01
695    0.289583 2.0572482638888892E-01
696    0.290000 2.0590000000000003E-01
697    0.290417 2.0607482638888888E-01
698    0.290833 2.0624930555555557E-01
699    0.291250 2.0642343750000000E-01
700    0.291667 2.0659722222222221E-01
701    0.292083 2.0677065972222222E-01
702    0.292500 2.0694375000000004E-01
703    0.292917 2.0711649305555555E-01
704    0.293333 2.0728888888888888E-01
705    0.293750 2.0746093750000003E-01
706    0.294167 2.0763263888888889E-01
707    0.294583 2.0780399305555555E-01
708    0.295000 2.0797500000000002E-01
709    0.295417 2.0814565972222221E-01
710    0.295833 2.0831597222222220E-01
711    0.296250 2.0848593750000000E-01
712    0.296667 2.0865555555555559E-01
713    0.297083 2.0882482638888891E-01
714    0.297500 2.0899375000000001E-01
715    0.297917 2.0916232638888890E-01
716    0.298333 2.0933055555555555E-01
717    0.298750 2.0949843750000000E-01
718    0.299167 2.0966597222222222E-01
719    0.299583 2.0983315972222225E-01
720    0.300000 2.1000000000000002E-01
721    0.300417 2.1016649305555554E-01
722    0.300833 2.1033263888888890E-01
723    0.301250 2.1049843750000000E-01
724    0.301667 2.1066388888888887E-01
725    0.302083 2.1082899305555558E-01
726    0.302500 2.1099375000000004E-01
727    0.302917 2.1115815972222221E-01
728    0.303333 2.1132222222222222E-01
729    0.303750 2.1148593750000003E-01
730    0.304167 2.1164930555555556E-01
731    0.304583 2.1181232638888889E-01
732    0.305000 2.1197500000000002E-01
733    0.305417 2.1213732638888888E-01
734    0.305833 2.1229930555555554E-01
735    0.306250 2.1246093750000000E-01
736    0.306667 2.1262222222222224E-01
737    0.307083 2.1278315972222223E-01
738    0.307500 2.1294374999999999E-01
739    0.307917 2.1310399305555558E-01
740    0.308333 2.1326388888888889E-01
741    0.308750 2.1342343749999998E-01
742    0.309167 2.1358263888888890E-01
743    0.309583 2.1374149305555559E-01
744    0.310000 2.1389999999999998E-01
745    0.310417 2.1405815972222222E-01
746    0.310833 2.1421597222222225E-01
747    0.311250 2.1437343750000001E-01
748    0.311667 2.1453055555555556E-01
749    0.312083 2.1468732638888890E-01
750    0.312500 2.1484375000000000E-01
751    0.312917 2.1499982638888887E-01
752    0.313333 2.1515555555555557E-01
753    0.313750 2.1531093750000002E-01
754    0.314167 2.1546597222222225E-01
755    0.314583 2.1562065972222222E-01
756    0.315000 2.1577500000000002E-01
757    0.315417 2.1592899305555557E-01
758    0.315833 2.1608263888888887E-01
759    0.316250 2.1623593750000000E-01
760    0.316667 2.1638888888888891E-01
761    0.317083 2.1654149305555553E-01
762    0.317500 2.1669374999999999E-01
763    0.317917 2.1684565972222225E-01
764    0.318333 2.1699722222222223E-01
765    0.318750 2.1714843749999999E-01
766    0.319167 2.1729930555555557E-01
767    0.319583 2.1744982638888888E-01
768    0.320000 2.1759999999999999E-01
769    0.320417 2.1774982638888890E-01
770    0.320833 2.1789930555555559E-01
771    0.321250 2.1804843750000003E-01
772    0.321667 2.1819722222222221E-01
773    0.322083 2.1834565972222225E-01
774    0.322500 2.1849375000000001E-01
775    0.322917 2.1864149305555555E-01
776    0.323333 2.1878888888888889E-01
777    0.323750 2.1893593750000004E-01
778    0.324167 2.1908263888888890E-01
779    0.324583 2.1922899305555554E-01
780    0.325000 2.1937500000000001E-01
781    0.325417 2.1952065972222223E-01
782    0.325833 2.1966597222222223E-01
783    0.326250 2.1981093750000003E-01
784    0.326667 2.1995555555555554E-01
785    0.327083 2.2009982638888886E-01
786    0.327500 2.2024375000000002E-01
787    0.327917 2.2038732638888892E-01
788    0.328333 2.2053055555555556E-01
789    0.328750 2.2067343749999999E-01
790    0.329167 2.2081597222222224E-01
791    0.329583 2.2095815972222221E-01
792    0.330000 2.2109999999999999E-01
793    0.330417 2.2124149305555557E-01
794    0.330833 2.2138263888888893E-01
795    0.331250 2.2152343750000000E-01
796    0.331667 2.2166388888888888E-01
797    0.332083 2.2180399305555556E-01
798    0.332500 2.2194375000000000E-01
799    0.332917 2.2208315972222220E-01
800    0.333333 2.2222222222222224E-01
801    0.333750 2.2236093750000002E-01
802    0.334167 2.2249930555555553E-01
803    0.334583 2.2263732638888889E-01
804    0.335000 2.2277500000000003E-01
805    0.335417 2.2291232638888889E-01
806    0.335833 2.2304930555555555E-01
807    0.336250 2.2318593750000001E-01
808    0.336667 2.2332222222222223E-01
809    0.337083 2.2345815972222222E-01
810    0.337500 2.2359375000000001E-01
811    0.337917 2.2372899305555558E-01
812    0.338333 2.2386388888888889E-01
813    0.338750 2.2399843750000001E-01
814    0.339167 2.2413263888888890E-01
815    0.339583 2.2426649305555557E-01
816    0.340000 2.2439999999999999E-01
817    0.340417 2.2453315972222224E-01
818    0.340833 2.2466597222222226E-01
819    0.341250 2.2479843749999998E-01
820    0.341667 2.2493055555555555E-01
821    0.342083 2.2506232638888890E-01
822    0.342500 2.2519375000000000E-01
823    0.342917 2.2532482638888887E-01
824    0.343333 2.2545555555555558E-01
825    0.343750 2.2558593750000000E-01
826    0.344167 2.2571597222222220E-01
827    0.344583 2.2584565972222223E-01
828    0.345000 2.2597500000000004E-01
829    0.345417 2.2610399305555556E-01
830    0.345833 2.2623263888888889E-01
831    0.346250 2.2636093750000003E-01
832    0.346667 2.2648888888888891E-01
833    0.347083 2.2661649305555553E-01
834    0.347500 2.2674375000000002E-01
835    0.347917 2.2687065972222226E-01
836    0.348333 2.2699722222222221E-01
837    0.348750 2.2712343750000000E-01
838    0.349167 2.2724930555555559E-01
839    0.349583 2.2737482638888890E-01
840    0.350000 2.2749999999999998E-01
841    0.350417 2.2762482638888890E-01
842    0.350833 2.2774930555555556E-01
843    0.351250 2.2787343749999997E-01
844    0.351667 2.2799722222222224E-01
845    0.352083 2.2812065972222226E-01
846    0.352500 2.2824375000000002E-01
847    0.352917 2.2836649305555554E-01
848    0.353333 2.2848888888888891E-01
849    0.353750 2.2861093750000000E-01
850    0.354167 2.2873263888888887E-01
851    0.354583 2.2885399305555557E-01
852    0.355000 2.2897500000000004E-01
853    0.355417 2.2909565972222223E-01
854    0.355833 2.2921597222222223E-01
855    0.356250 2.2933593750000003E-01
856    0.356667 2.2945555555555555E-01
857    0.357083 2.2957482638888888E-01
858    0.357500 2.2969375000000000E-01
859    0.357917 2.2981232638888893E-01
860    0.358333 2.2993055555555553E-01
861    0.358750 2.3004843750000001E-01
862    0.359167 2.3016597222222224E-01
863    0.359583 2.3028315972222224E-01
864    0.360000 2.3039999999999999E-01
865    0.360417 2.3051649305555558E-01
866    0.360833 2.3063263888888888E-01
867    0.361250 2.3074843749999999E-01
868    0.361667 2.3086388888888890E-01
869    0.362083 2.3097899305555558E-01
870    0.362500 2.3109375000000001E-01
871    0.362917 2.3120815972222222E-01
872    0.363333 2.3132222222222223E-01
873    0.363750 2.3143593749999999E-01
874    0.364167 2.3154930555555553E-01
875    0.364583 2.3166232638888890E-01
876    0.365000 2.3177500000000004E-01
877    0.365417 2.3188732638888887E-01
878    0.365833 2.3199930555555556E-01
879    0.366250 2.3211093750000003E-01
880    0.366667 2.3222222222222222E-01
881    0.367083 2.3233315972222221E-01
882    0.367500 2.3244375000000000E-01
883    0.367917 2.3255399305555555E-01
884    0.368333 2.3266388888888886E-01
885    0.368750 2.3277343750000001E-01
886    0.369167 2.3288263888888891E-01
887    0.369583 2.3299149305555555E-01
888    0.370000 2.3310000000000000E-01
889    0.370417 2.3320815972222225E-01
890    0.370833 2.3331597222222222E-01
891    0.371250 2.3342343750000000E-01
892    0.371667 2.3353055555555557E-01
893    0.372083 2.3363732638888893E-01
894    0.372500 2.3374374999999997E-01
895    0.372917 2.3384982638888890E-01
896    0.373333 2.3395555555555558E-01
897    0.373750 2.3406093750000001E-01
898    0.374167 2.3416597222222221E-01
899    0.374583 2.3427065972222225E-01
900    0.375000 2.3437500000000000E-01
901    0.375417 2.3447899305555553E-01
902    0.375833 2.3458263888888889E-01
903    0.376250 2.3468593750000002E-01
904    0.376667 2.3478888888888891E-01
905    0.377083 2.3489149305555554E-01
906    0.377500 2.3499375000000003E-01
907    0.377917 2.3509565972222224E-01
908    0.378333 2.3519722222222220E-01
909    0.378750 2.3529843750000001E-01
910    0.379167 2.3539930555555558E-01
911    0.379583 2.3549982638888889E-01
912    0.380000 2.3560000000000000E-01
913    0.380417 2.3569982638888892E-01
914    0.380833 2.3579930555555556E-01
915    0.381250 2.3589843749999997E-01
916    0.381667 2.3599722222222222E-01
917    0.382083 2.3609565972222221E-01
918    0.382500 2.3619374999999998E-01
919    0.382917 2.3629149305555555E-01
920    0.383333 2.3638888888888893E-01
921    0.383750 2.3648593750000002E-01
922    0.384167 2.3658263888888889E-01
923    0.384583 2.3667899305555556E-01
924    0.385000 2.3677500000000001E-01
925    0.385417 2.3687065972222221E-01
926    0.385833 2.3696597222222224E-01
927    0.386250 2.3706093750000004E-01
928    0.386667 2.3715555555555556E-01
929    0.387083 2.3724982638888889E-01
930    0.387500 2.3734375000000002E-01
931    0.387917 2.3743732638888890E-01
932    0.388333 2.3753055555555555E-01
933    0.388750 2.3762343750000001E-01
934    0.389167 2.3771597222222227E-01
935    0.389583 2.3780815972222219E-01
936    0.390000 2.3790000000000000E-01
937    0.390417 2.3799149305555559E-01
938    0.390833 2.3808263888888889E-01
939    0.391250 2.3817343749999997E-01
940    0.391667 2.3826388888888891E-01
941    0.392083 2.3835399305555555E-01
942    0.392500 2.3844374999999998E-01
943    0.392917 2.3853315972222222E-01
944    0.393333 2.3862222222222226E-01
945    0.393750 2.3871093750000000E-01
946    0.394167 2.3879930555555556E-01
947    0.394583 2.3888732638888890E-01
948    0.395000 2.3897499999999999E-01
949    0.395417 2.3906232638888888E-01
950    0.395833 2.3914930555555555E-01
951    0.396250 2.3923593750000002E-01
952    0.396667 2.3932222222222221E-01
953    0.397083 2.3940815972222224E-01
954    0.397500 2.3949375000000003E-01
955    0.397917 2.3957899305555555E-01
956    0.398333 2.3966388888888887E-01
957    0.398750 2.3974843750000002E-01
958    0.399167 2.3983263888888889E-01
959    0.399583 2.3991649305555554E-01
960    0.400000 2.3999999999999999E-01
961    0.400417 2.4008315972222224E-01
962    0.400833 2.4016597222222222E-01
963    0.401250 2.4024843749999999E-01
964    0.401667 2.4033055555555558E-01
965    0.402083 2.4041232638888890E-01
966    0.402500 2.4049374999999998E-01
967    0.402917 2.4057482638888888E-01
968    0.403333 2.4065555555555559E-01
969    0.403750 2.4073593750000000E-01
970    0.404167 2.4081597222222223E-01
971    0.404583 2.4089565972222224E-01
972    0.405000 2.4097499999999999E-01
973    0.405417 2.4105399305555553E-01
974    0.405833 2.4113263888888889E-01
975    0.406250 2.4121093750000000E-01
976    0.406667 2.4128888888888886E-01
977    0.407083 2.4136649305555555E-01
978    0.407500 2.4144375000000004E-01
979    0.407917 2.4152065972222223E-01
980    0.408333 2.4159722222222221E-01
981    0.408750 2.4167343750000003E-01
982    0.409167 2.4174930555555557E-01
983    0.409583 2.4182482638888886E-01
984    0.410000 2.4190000000000000E-01
985    0.410417 2.4197482638888893E-01
986    0.410833 2.4204930555555557E-01
987    0.411250 2.4212343750000001E-01
988    0.411667 2.4219722222222226E-01
989    0.412083 2.4227065972222223E-01
990    0.412500 2.4234375000000000E-01
991    0.412917 2.4241649305555557E-01
992    0.413333 2.4248888888888892E-01
993    0.413750 2.4256093749999999E-01
994    0.414167 2.4263263888888889E-01
995    0.414583 2.4270399305555559E-01
996    0.415000 2.4277500000000002E-01
997    0.415417 2.4284565972222222E-01
998    0.415833 2.4291597222222225E-01
999    0.416250 2.4298593750000000E-01
1000   0.416667 2.4305555555555552E-01
1001   0.417083 2.4312482638888888E-01
1002   0.417500 2.4319375000000004E-01
1003   0.417917 2.4326232638888889E-01
1004   0.418333 2.4333055555555555E-01
1005   0.418750 2.4339843750000004E-01
1006   0.419167 2.4346597222222222E-01
1007   0.419583 2.4353315972222220E-01
1008   0.420000 2.4360000000000001E-01
1009   0.420417 2.4366649305555560E-01
1010   0.420833 2.4373263888888885E-01
1011   0.421250 2.4379843749999999E-01
1012   0.421667 2.4386388888888891E-01
1013   0.422083 2.4392899305555557E-01
1014   0.422500 2.4399374999999998E-01
1015   0.422917 2.4405815972222222E-01
1016   0.423333 2.4412222222222221E-01
1017   0.423750 2.4418593749999998E-01
1018   0.424167 2.4424930555555555E-01
1019   0.424583 2.4431232638888892E-01
1020   0.425000 2.4437500000000001E-01
1021   0.425417 2.4443732638888888E-01
1022   0.425833 2.4449930555555557E-01
1023   0.426250 2.4456093749999999E-01
1024   0.426667 2.4462222222222221E-01
1025   0.427083 2.4468315972222224E-01
1026   0.427500 2.4474375000000004E-01
1027   0.427917 2.4480399305555553E-01
1028   0.428333 2.4486388888888888E-01
1029   0.428750 2.4492343750000004E-01
1030   0.429167 2.4498263888888888E-01
1031   0.429583 2.4504149305555553E-01
1032   0.430000 2.4510000000000001E-01
1033   0.430417 2.4515815972222221E-01
1034   0.430833 2.4521597222222219E-01
1035   0.431250 2.4527343750000000E-01
1036   0.431667 2.4533055555555558E-01
1037   0.432083 2.4538732638888888E-01
1038   0.432500 2.4544374999999999E-01
1039   0.432917 2.4549982638888893E-01
1040   0.433333 2.4555555555555555E-01
1041   0.433750 2.4561093749999999E-01
1042   0.434167 2.4566597222222222E-01
1043   0.434583 2.4572065972222226E-01
1044   0.435000 2.4577499999999999E-01
1045   0.435417 2.4582899305555556E-01
1046   0.435833 2.4588263888888892E-01
1047   0.436250 2.4593593750000001E-01
1048   0.436667 2.4598888888888887E-01
1049   0.437083 2.4604149305555556E-01
1050   0.437500 2.4609375000000003E-01
1051   0.437917 2.4614565972222219E-01
1052   0.438333 2.4619722222222223E-01
1053   0.438750 2.4624843750000003E-01
1054   0.439167 2.4629930555555557E-01
1055   0.439583 2.4634982638888886E-01
1056   0.440000 2.4640000000000004E-01
1057   0.440417 2.4644982638888890E-01
1058   0.440833 2.4649930555555552E-01
1059   0.441250 2.4654843750000000E-01
1060   0.441667 2.4659722222222225E-01
1061   0.442083 2.4664565972222222E-01
1062   0.442500 2.4669374999999999E-01
1063   0.442917 2.4674149305555559E-01
1064   0.443333 2.4678888888888889E-01
1065   0.443750 2.4683593749999999E-01
1066   0.444167 2.4688263888888889E-01
1067   0.444583 2.4692899305555557E-01
1068   0.445000 2.4697499999999997E-01
1069   0.445417 2.4702065972222223E-01
1070   0.445833 2.4706597222222226E-01
1071   0.446250 2.4711093750000002E-01
1072   0.446667 2.4715555555555555E-01
1073   0.447083 2.4719982638888890E-01
1074   0.447500 2.4724375000000001E-01
1075   0.447917 2.4728732638888887E-01
1076   0.448333 2.4733055555555555E-01
1077   0.448750 2.4737343750000002E-01
1078   0.449167 2.4741597222222222E-01
1079   0.449583 2.4745815972222221E-01
1080   0.450000 2.4750000000000003E-01
1081   0.450417 2.4754149305555556E-01
1082   0.450833 2.4758263888888887E-01
1083   0.451250 2.4762343750000002E-01
1084   0.451667 2.4766388888888891E-01
1085   0.452083 2.4770399305555554E-01
1086   0.452500 2.4774375000000001E-01
1087   0.452917 2.4778315972222226E-01
1088   0.453333 2.4782222222222222E-01
1089   0.453750 2.4786093749999999E-01
1090   0.454167 2.4789930555555556E-01
1091   0.454583 2.4793732638888888E-01
1092   0.455000 2.4797499999999997E-01
1093   0.455417 2.4801232638888890E-01
1094   0.455833 2.4804930555555557E-01
1095   0.456250 2.4808593749999999E-01
1096   0.456667 2.4812222222222219E-01
1097   0.457083 2.4815815972222224E-01
1098   0.457500 2.4819374999999999E-01
1099   0.457917 2.4822899305555554E-01
1100   0.458333 2.4826388888888890E-01
1101   0.458750 2.4829843750000002E-01
1102   0.459167 2.4833263888888890E-01
1103   0.459583 2.4836649305555555E-01
1104   0.460000 2.4840000000000004E-01
1105   0.460417 2.4843315972222221E-01
1106   0.460833 2.4846597222222219E-01
1107   0.461250 2.4849843750000000E-01
1108   0.461667 2.4853055555555556E-01
1109   0.462083 2.4856232638888887E-01
1110   0.462500 2.4859375000000000E-01
1111   0.462917 2.4862482638888891E-01
1112   0.463333 2.4865555555555555E-01
1113   0.463750 2.4868593749999998E-01
1114   0.464167 2.4871597222222225E-01
1115   0.464583 2.4874565972222223E-01
1116   0.465000 2.4877499999999997E-01
1117   0.465417 2.4880399305555556E-01
1118   0.465833 2.4883263888888893E-01
1119   0.466250 2.4886093749999999E-01
1120   0.466667 2.4888888888888888E-01
1121   0.467083 2.4891649305555558E-01
1122   0.467500 2.4894374999999999E-01
1123   0.467917 2.4897065972222221E-01
1124   0.468333 2.4899722222222223E-01
1125   0.468750 2.4902343750000003E-01
1126   0.469167 2.4904930555555552E-01
1127   0.469583 2.4907482638888889E-01
1128   0.470000 2.4910000000000002E-01
1129   0.470417 2.4912482638888889E-01
1130   0.470833 2.4914930555555553E-01
1131   0.471250 2.4917343750000001E-01
1132   0.471667 2.4919722222222224E-01
1133   0.472083 2.4922065972222221E-01
1134   0.472500 2.4924375000000001E-01
1135   0.472917 2.4926649305555559E-01
1136   0.473333 2.4928888888888889E-01
1137   0.473750 2.4931093750000000E-01
1138   0.474167 2.4933263888888890E-01
1139   0.474583 2.4935399305555556E-01
1140   0.475000 2.4937499999999999E-01
1141   0.475417 2.4939565972222222E-01
1142   0.475833 2.4941597222222225E-01
1143   0.476250 2.4943593749999998E-01
1144   0.476667 2.4945555555555557E-01
1145   0.477083 2.4947482638888890E-01
1146   0.477500 2.4949375000000001E-01
1147   0.477917 2.4951232638888887E-01
1148   0.478333 2.4953055555555556E-01
1149   0.478750 2.4954843750000000E-01
1150   0.479167 2.4956597222222221E-01
1151   0.479583 2.4958315972222223E-01
1152   0.480000 2.4960000000000002E-01
1153   0.480417 2.4961649305555556E-01
1154   0.480833 2.4963263888888887E-01
1155   0.481250 2.4964843750000001E-01
1156   0.481667 2.4966388888888888E-01
1157   0.482083 2.4967899305555552E-01
1158   0.482500 2.4969374999999999E-01
1159   0.482917 2.4970815972222224E-01
1160   0.483333 2.4972222222222221E-01
1161   0.483750 2.4973593750000000E-01
1162   0.484167 2.4974930555555558E-01
1163   0.484583 2.4976232638888890E-01
1164   0.485000 2.4977499999999997E-01
1165   0.485417 2.4978732638888890E-01
1166   0.485833 2.4979930555555555E-01
1167   0.486250 2.4981093749999997E-01
1168   0.486667 2.4982222222222222E-01
1169   0.487083 2.4983315972222225E-01
1170   0.487500 2.4984375000000000E-01
1171   0.487917 2.4985399305555553E-01
1172   0.488333 2.4986388888888891E-01
1173   0.488750 2.4987343749999999E-01
1174   0.489167 2.4988263888888887E-01
1175   0.489583 2.4989149305555555E-01
1176   0.490000 2.4990000000000004E-01
1177   0.490417 2.4990815972222222E-01
1178   0.490833 2.4991597222222223E-01
1179   0.491250 2.4992343750000004E-01
1180   0.491667 2.4993055555555554E-01
1181   0.492083 2.4993732638888885E-01
1182   0.492500 2.4994374999999999E-01
1183   0.492917 2.4994982638888891E-01
1184   0.493333 2.4995555555555554E-01
1185   0.493750 2.4996093750000001E-01
1186   0.494167 2.4996597222222225E-01
1187   0.494583 2.4997065972222221E-01
1188   0.495000 2.4997499999999997E-01
1189   0.495417 2.4997899305555557E-01
1190   0.495833 2.4998263888888889E-01
1191   0.496250 2.4998593749999998E-01
1192   0.496667 2.4998888888888890E-01
1193   0.497083 2.4999149305555560E-01
1194   0.497500 2.4999374999999999E-01
1195   0.497917 2.4999565972222224E-01
1196   0.498333 2.4999722222222226E-01
1197   0.498750 2.4999843750000000E-01
1198   0.499167 2.4999930555555552E-01
1199   0.499583 2.4999982638888890E-01
1200   0.500000 2.5000000000000000E-01
1201   0.500417 2.4999982638888890E-01
1202   0.500833 2.4999930555555555E-01
1203   0.501250 2.4999843750000000E-01
1204   0.501667 2.4999722222222223E-01
1205   0.502083 2.4999565972222224E-01
1206   0.502500 2.4999374999999999E-01
1207   0.502917 2.4999149305555557E-01
1208   0.503333 2.4998888888888890E-01
1209   0.503750 2.4998593750000001E-01
1210   0.504167 2.4998263888888889E-01
1211   0.504583 2.4997899305555554E-01
1212   0.505000 2.4997500000000000E-01
1213   0.505417 2.4997065972222221E-01
1214   0.505833 2.4996597222222222E-01
1215   0.506250 2.4996093750000001E-01
1216   0.506667 2.4995555555555554E-01
1217   0.507083 2.4994982638888888E-01
1218   0.507500 2.4994374999999999E-01
1219   0.507917 2.4993732638888888E-01
1220   0.508333 2.4993055555555554E-01
1221   0.508750 2.4992343750000001E-01
1222   0.509167 2.4991597222222223E-01
1223   0.509583 2.4990815972222222E-01
1224   0.510000 2.4990000000000001E-01
1225   0.510417 2.4989149305555555E-01
1226   0.510833 2.4988263888888890E-01
1227   0.511250 2.4987343749999999E-01
1228   0.511667 2.4986388888888889E-01
1229   0.512083 2.4985399305555556E-01
1230   0.512500 2.4984375000000000E-01
1231   0.512917 2.4983315972222223E-01
1232   0.513333 2.4982222222222222E-01
1233   0.513750 2.4981093750000000E-01
1234   0.514167 2.4979930555555555E-01
1235   0.514583 2.4978732638888890E-01
1236   0.515000 2.4977500000000000E-01
1237   0.515417 2.4976232638888890E-01
1238   0.515833 2.4974930555555555E-01
1239   0.516250 2.4973593750000000E-01
1240   0.516667 2.4972222222222223E-01
1241   0.517083 2.4970815972222221E-01
1242   0.517500 2.4969374999999999E-01
1243   0.517917 2.4967899305555555E-01
1244   0.518333 2.4966388888888888E-01
1245   0.518750 2.4964843749999999E-01
1246   0.519167 2.4963263888888890E-01
1247   0.519583 2.4961649305555556E-01
1248   0.520000 2.4959999999999999E-01
1249   0.520417 2.4958315972222223E-01
1250   0.520833 2.4956597222222221E-01
1251   0.521250 2.4954843750000000E-01
1252   0.521667 2.4953055555555556E-01
1253   0.522083 2.4951232638888890E-01
1254   0.522500 2.4949374999999999E-01
1255   0.522917 2.4947482638888888E-01
1256   0.523333 2.4945555555555557E-01
1257   0.523750 2.4943593750000001E-01
1258   0.524167 2.4941597222222223E-01
1259   0.524583 2.4939565972222222E-01
1260   0.525000 2.4937499999999999E-01
1261   0.525417 2.4935399305555556E-01
1262   0.525833 2.4933263888888887E-01
1263   0.526250 2.4931093750000000E-01
1264   0.526667 2.4928888888888889E-01
1265   0.527083 2.4926649305555557E-01
1266   0.527500 2.4924374999999999E-01
1267   0.527917 2.4922065972222221E-01
1268   0.528333 2.4919722222222224E-01
1269   0.528750 2.4917343749999998E-01
1270   0.529167 2.4914930555555556E-01
1271   0.529583 2.4912482638888889E-01
1272   0.530000 2.4909999999999999E-01
1273   0.530417 2.4907482638888889E-01
1274   0.530833 2.4904930555555554E-01
1275   0.531250 2.4902343750000000E-01
1276   0.531667 2.4899722222222223E-01
1277   0.532083 2.4897065972222221E-01
1278   0.532500 2.4894374999999999E-01
1279   0.532917 2.4891649305555555E-01
1280   0.533333 2.4888888888888888E-01
1281   0.533750 2.4886093749999999E-01
1282   0.534167 2.4883263888888890E-01
1283   0.534583 2.4880399305555556E-01
1284   0.535000 2.4877500000000000E-01
1285   0.535417 2.4874565972222223E-01
1286   0.535833 2.4871597222222222E-01
1287   0.536250 2.4868593750000001E-01
1288   0.536667 2.4865555555555555E-01
1289   0.537083 2.4862482638888889E-01
1290   0.537500 2.4859375000000000E-01
1291   0.537917 2.4856232638888889E-01
1292   0.538333 2.4853055555555556E-01
1293   0.538750 2.4849843750000000E-01
1294   0.539167 2.4846597222222222E-01
1295   0.539583 2.4843315972222221E-01
1296   0.540000 2.4840000000000001E-01
1297   0.540417 2.4836649305555555E-01
1298   0.540833 2.4833263888888887E-01
1299   0.541250 2.4829843750000000E-01
1300   0.541667 2.4826388888888890E-01
1301   0.542083 2.4822899305555554E-01
1302   0.542500 2.4819374999999999E-01
1303   0.542917 2.4815815972222222E-01
1304   0.543333 2.4812222222222222E-01
1305   0.543750 2.4808593749999999E-01
1306   0.544167 2.4804930555555554E-01
1307   0.544583 2.4801232638888887E-01
1308   0.545000 2.4797500000000000E-01
1309   0.545417 2.4793732638888888E-01
1310   0.545833 2.4789930555555556E-01
1311   0.546250 2.4786093749999999E-01
1312   0.546667 2.4782222222222222E-01
1313   0.547083 2.4778315972222223E-01
1314   0.547500 2.4774375000000001E-01
1315   0.547917 2.4770399305555554E-01
1316   0.548333 2.4766388888888888E-01
1317   0.548750 2.4762343749999999E-01
1318   0.549167 2.4758263888888887E-01
1319   0.549583 2.4754149305555553E-01
1320   0.550000 2.4750000000000000E-01
1321   0.550417 2.4745815972222221E-01
1322   0.550833 2.4741597222222222E-01
1323   0.551250 2.4737343749999999E-01
1324   0.551667 2.4733055555555555E-01
1325   0.552083 2.4728732638888890E-01
1326   0.552500 2.4724375000000001E-01
1327   0.552917 2.4719982638888888E-01
1328   0.553333 2.4715555555555555E-01
1329   0.553750 2.4711093749999999E-01
1330   0.554167 2.4706597222222221E-01
1331   0.554583 2.4702065972222223E-01
1332   0.555000 2.4697500000000000E-01
1333   0.555417 2.4692899305555555E-01
1334   0.555833 2.4688263888888889E-01
1335   0.556250 2.4683593749999999E-01
1336   0.556667 2.4678888888888889E-01
1337   0.557083 2.4674149305555554E-01
1338   0.557500 2.4669374999999999E-01
1339   0.557917 2.4664565972222222E-01
1340   0.558333 2.4659722222222222E-01
1341   0.558750 2.4654843750000000E-01
1342   0.559167 2.4649930555555555E-01
1343   0.559583 2.4644982638888890E-01
1344   0.560000 2.4639999999999998E-01
1345   0.560417 2.4634982638888889E-01
1346   0.560833 2.4629930555555554E-01
1347   0.561250 2.4624843750000000E-01
1348   0.561667 2.4619722222222223E-01
1349   0.562083 2.4614565972222222E-01
1350   0.562500 2.4609375000000000E-01
1351   0.562917 2.4604149305555556E-01
1352   0.563333 2.4598888888888890E-01
1353   0.563750 2.4593593749999998E-01
1354   0.564167 2.4588263888888889E-01
1355   0.564583 2.4582899305555556E-01
1356   0.565000 2.4577499999999999E-01
1357   0.565417 2.4572065972222223E-01
1358   0.565833 2.4566597222222222E-01
1359   0.566250 2.4561093749999999E-01
1360   0.566667 2.4555555555555555E-01
1361   0.567083 2.4549982638888887E-01
1362   0.567500 2.4544374999999999E-01
1363   0.567917 2.4538732638888888E-01
1364   0.568333 2.4533055555555555E-01
1365   0.568750 2.4527343750000000E-01
1366   0.569167 2.4521597222222222E-01
1367   0.569583 2.4515815972222221E-01
1368   0.570000 2.4509999999999998E-01
1369   0.570417 2.4504149305555556E-01
1370   0.570833 2.4498263888888888E-01
1371   0.571250 2.4492343750000001E-01
1372   0.571667 2.4486388888888888E-01
1373   0.572083 2.4480399305555556E-01
1374   0.572500 2.4474375000000001E-01
1375   0.572917 2.4468315972222221E-01
1376   0.573333 2.4462222222222221E-01
1377   0.573750 2.4456093749999999E-01
1378   0.574167 2.4449930555555555E-01
1379   0.574583 2.4443732638888888E-01
1380   0.575000 2.4437499999999998E-01
1381   0.575417 2.4431232638888889E-01
1382   0.575833 2.4424930555555555E-01
1383   0.576250 2.4418593750000001E-01
1384   0.576667 2.4412222222222221E-01
1385   0.577083 2.4405815972222222E-01
1386   0.577500 2.4399375000000001E-01
1387   0.577917 2.4392899305555554E-01
1388   0.578333 2.4386388888888888E-01
1389   0.578750 2.4379843749999999E-01
1390   0.579167 2.4373263888888888E-01
1391   0.579583 2.4366649305555554E-01
1392   0.580000 2.4359999999999998E-01
1393   0.580417 2.4353315972222223E-01
1394   0.580833 2.4346597222222222E-01
1395   0.581250 2.4339843749999998E-01
1396   0.581667 2.4333055555555555E-01
1397   0.582083 2.4326232638888887E-01
1398   0.582500 2.4319374999999999E-01
1399   0.582917 2.4312482638888888E-01
1400   0.583333 2.4305555555555555E-01
1401   0.583750 2.4298593750000000E-01
1402   0.584167 2.4291597222222222E-01
1403   0.584583 2.4284565972222222E-01
1404   0.585000 2.4277499999999999E-01
1405   0.585417 2.4270399305555554E-01
1406   0.585833 2.4263263888888889E-01
1407   0.586250 2.4256093749999999E-01
1408   0.586667 2.4248888888888889E-01
1409   0.587083 2.4241649305555554E-01
1410   0.587500 2.4234375000000000E-01
1411   0.587917 2.4227065972222220E-01
1412   0.588333 2.4219722222222220E-01
1413   0.588750 2.4212343750000001E-01
1414   0.589167 2.4204930555555554E-01
1415   0.589583 2.4197482638888890E-01
1416   0.590000 2.4189999999999998E-01
1417   0.590417 2.4182482638888889E-01
1418   0.590833 2.4174930555555557E-01
1419   0.591250 2.4167343749999998E-01
1420   0.591667 2.4159722222222221E-01
1421   0.592083 2.4152065972222220E-01
1422   0.592500 2.4144374999999998E-01
1423   0.592917 2.4136649305555555E-01
1424   0.593333 2.4128888888888889E-01
1425   0.593750 2.4121093750000000E-01
1426   0.594167 2.4113263888888889E-01
1427   0.594583 2.4105399305555555E-01
1428   0.595000 2.4097499999999999E-01
1429   0.595417 2.4089565972222221E-01
1430   0.595833 2.4081597222222223E-01
1431   0.596250 2.4073593750000000E-01
1432   0.596667 2.4065555555555557E-01
1433   0.597083 2.4057482638888888E-01
1434   0.597500 2.4049375000000001E-01
1435   0.597917 2.4041232638888890E-01
1436   0.598333 2.4033055555555555E-01
1437   0.598750 2.4024843749999999E-01
1438   0.599167 2.4016597222222222E-01
1439   0.599583 2.4008315972222222E-01
1440   0.600000 2.3999999999999999E-01
1441   0.600417 2.3991649305555554E-01
1442   0.600833 2.3983263888888889E-01
1443   0.601250 2.3974843749999999E-01
1444   0.601667 2.3966388888888890E-01
1445   0.602083 2.3957899305555555E-01
1446   0.602500 2.3949375000000001E-01
1447   0.602917 2.3940815972222224E-01
1448   0.603333 2.3932222222222221E-01
1449   0.603750 2.3923593750000000E-01
1450   0.604167 2.3914930555555555E-01
1451   0.604583 2.3906232638888888E-01
1452   0.605000 2.3897499999999999E-01
1453   0.605417 2.3888732638888888E-01
1454   0.605833 2.3879930555555556E-01
1455   0.606250 2.3871093750000000E-01
1456   0.606667 2.3862222222222221E-01
1457   0.607083 2.3853315972222219E-01
1458   0.607500 2.3844374999999998E-01
1459   0.607917 2.3835399305555555E-01
1460   0.608333 2.3826388888888889E-01
1461   0.608750 2.3817343750000000E-01
1462   0.609167 2.3808263888888886E-01
1463   0.609583 2.3799149305555556E-01
1464   0.610000 2.3790000000000000E-01
1465   0.610417 2.3780815972222222E-01
1466   0.610833 2.3771597222222221E-01
1467   0.611250 2.3762343749999998E-01
1468   0.611667 2.3753055555555555E-01
1469   0.612083 2.3743732638888887E-01
1470   0.612500 2.3734374999999999E-01
1471   0.612917 2.3724982638888889E-01
1472   0.613333 2.3715555555555554E-01
1473   0.613750 2.3706093749999999E-01
1474   0.614167 2.3696597222222221E-01
1475   0.614583 2.3687065972222221E-01
1476   0.615000 2.3677500000000001E-01
1477   0.615417 2.3667899305555554E-01
1478   0.615833 2.3658263888888889E-01
1479   0.616250 2.3648593749999999E-01
1480   0.616667 2.3638888888888887E-01
1481   0.617083 2.3629149305555552E-01
1482   0.617500 2.3619374999999998E-01
1483   0.617917 2.3609565972222221E-01
1484   0.618333 2.3599722222222222E-01
1485   0.618750 2.3589843750000000E-01
1486   0.619167 2.3579930555555553E-01
1487   0.619583 2.3569982638888887E-01
1488   0.620000 2.3560000000000000E-01
1489   0.620417 2.3549982638888886E-01
1490   0.620833 2.3539930555555555E-01
1491   0.621250 2.3529843749999999E-01
1492   0.621667 2.3519722222222222E-01
1493   0.622083 2.3509565972222224E-01
1494   0.622500 2.3499374999999997E-01
1495   0.622917 2.3489149305555557E-01
1496   0.623333 2.3478888888888888E-01
1497   0.623750 2.3468593750000000E-01
1498   0.624167 2.3458263888888886E-01
1499   0.624583 2.3447899305555556E-01
1500   0.625000 2.3437500000000000E-01
1501   0.625417 2.3427065972222222E-01
1502   0.625833 2.3416597222222221E-01
1503   0.626250 2.3406093749999998E-01
1504   0.626667 2.3395555555555556E-01
1505   0.627083 2.3384982638888890E-01
1506   0.627500 2.3374374999999997E-01
1507   0.627917 2.3363732638888890E-01
1508   0.628333 2.3353055555555555E-01
1509   0.628750 2.3342343750000000E-01
1510   0.629167 2.3331597222222222E-01
1511   0.629583 2.3320815972222220E-01
1512   0.630000 2.3310000000000000E-01
1513   0.630417 2.3299149305555553E-01
1514   0.630833 2.3288263888888888E-01
1515   0.631250 2.3277343749999999E-01
1516   0.631667 2.3266388888888886E-01
1517   0.632083 2.3255399305555555E-01
1518   0.632500 2.3244374999999998E-01
1519   0.632917 2.3233315972222221E-01
1520   0.633333 2.3222222222222219E-01
1521   0.633750 2.3211093750000000E-01
1522   0.634167 2.3199930555555556E-01
1523   0.634583 2.3188732638888887E-01
1524   0.635000 2.3177500000000001E-01
1525   0.635417 2.3166232638888887E-01
1526   0.635833 2.3154930555555556E-01
1527   0.636250 2.3143593749999997E-01
1528   0.636667 2.3132222222222221E-01
1529   0.637083 2.3120815972222222E-01
1530   0.637500 2.3109374999999999E-01
1531   0.637917 2.3097899305555555E-01
1532   0.638333 2.3086388888888887E-01
1533   0.638750 2.3074843749999999E-01
1534   0.639167 2.3063263888888888E-01
1535   0.639583 2.3051649305555555E-01
1536   0.640000 2.3039999999999999E-01
1537   0.640417 2.3028315972222221E-01
1538   0.640833 2.3016597222222221E-01
1539   0.641250 2.3004843750000001E-01
1540   0.641667 2.2993055555555555E-01
1541   0.642083 2.2981232638888888E-01
1542   0.642500 2.2969374999999997E-01
1543   0.642917 2.2957482638888888E-01
1544   0.643333 2.2945555555555552E-01
1545   0.643750 2.2933593749999998E-01
1546   0.644167 2.2921597222222223E-01
1547   0.644583 2.2909565972222221E-01
1548   0.645000 2.2897499999999998E-01
1549   0.645417 2.2885399305555554E-01
1550   0.645833 2.2873263888888887E-01
1551   0.646250 2.2861093750000000E-01
1552   0.646667 2.2848888888888888E-01
1553   0.647083 2.2836649305555556E-01
1554   0.647500 2.2824374999999997E-01
1555   0.647917 2.2812065972222220E-01
1556   0.648333 2.2799722222222218E-01
1557   0.648750 2.2787343750000000E-01
1558   0.649167 2.2774930555555556E-01
1559   0.649583 2.2762482638888887E-01
1560   0.650000 2.2749999999999998E-01
1561   0.650417 2.2737482638888887E-01
1562   0.650833 2.2724930555555553E-01
1563   0.651250 2.2712343750000000E-01
1564   0.651667 2.2699722222222221E-01
1565   0.652083 2.2687065972222223E-01
1566   0.652500 2.2674374999999997E-01
1567   0.652917 2.2661649305555553E-01
1568   0.653333 2.2648888888888891E-01
1569   0.653750 2.2636093749999997E-01
1570   0.654167 2.2623263888888889E-01
1571   0.654583 2.2610399305555554E-01
1572   0.655000 2.2597499999999998E-01
1573   0.655417 2.2584565972222220E-01
1574   0.655833 2.2571597222222220E-01
1575   0.656250 2.2558593750000000E-01
1576   0.656667 2.2545555555555555E-01
1577   0.657083 2.2532482638888887E-01
1578   0.657500 2.2519374999999997E-01
1579   0.657917 2.2506232638888887E-01
1580   0.658333 2.2493055555555555E-01
1581   0.658750 2.2479843749999998E-01
1582   0.659167 2.2466597222222223E-01
1583   0.659583 2.2453315972222221E-01
1584   0.660000 2.2439999999999999E-01
1585   0.660417 2.2426649305555552E-01
1586   0.660833 2.2413263888888887E-01
1587   0.661250 2.2399843750000001E-01
1588   0.661667 2.2386388888888886E-01
1589   0.662083 2.2372899305555555E-01
1590   0.662500 2.2359374999999998E-01
1591   0.662917 2.2345815972222222E-01
1592   0.663333 2.2332222222222223E-01
1593   0.663750 2.2318593749999999E-01
1594   0.664167 2.2304930555555555E-01
1595   0.664583 2.2291232638888886E-01
1596   0.665000 2.2277500000000000E-01
1597   0.665417 2.2263732638888889E-01
1598   0.665833 2.2249930555555553E-01
1599   0.666250 2.2236093749999999E-01
1600   0.666667 2.2222222222222221E-01
1601   0.667083 2.2208315972222220E-01
1602   0.667500 2.2194374999999997E-01
1603   0.667917 2.2180399305555554E-01
1604   0.668333 2.2166388888888888E-01
1605   0.668750 2.2152343749999998E-01
1606   0.669167 2.2138263888888887E-01
1607   0.669583 2.2124149305555552E-01
1608   0.670000 2.2109999999999999E-01
1609   0.670417 2.2095815972222221E-01
1610   0.670833 2.2081597222222221E-01
1611   0.671250 2.2067343749999999E-01
1612   0.671667 2.2053055555555554E-01
1613   0.672083 2.2038732638888889E-01
1614   0.672500 2.2024374999999996E-01
1615   0.672917 2.2009982638888886E-01
1616   0.673333 2.1995555555555554E-01
1617   0.673750 2.1981093749999997E-01
1618   0.674167 2.1966597222222220E-01
1619   0.674583 2.1952065972222218E-01
1620   0.675000 2.1937499999999999E-01
1621   0.675417 2.1922899305555554E-01
1622   0.675833 2.1908263888888888E-01
1623   0.676250 2.1893593749999998E-01
1624   0.676667 2.1878888888888887E-01
1625   0.677083 2.1864149305555555E-01
1626   0.677500 2.1849375000000001E-01
1627   0.677917 2.1834565972222220E-01
1628   0.678333 2.1819722222222221E-01
1629   0.678750 2.1804843749999997E-01
1630   0.679167 2.1789930555555553E-01
1631   0.679583 2.1774982638888885E-01
1632   0.680000 2.1759999999999999E-01
1633   0.680417 2.1744982638888888E-01
1634   0.680833 2.1729930555555554E-01
1635   0.681250 2.1714843749999999E-01
1636   0.681667 2.1699722222222220E-01
1637   0.682083 2.1684565972222219E-01
1638   0.682500 2.1669374999999999E-01
1639   0.682917 2.1654149305555553E-01
1640   0.683333 2.1638888888888888E-01
1641   0.683750 2.1623593749999998E-01
1642   0.684167 2.1608263888888887E-01
1643   0.684583 2.1592899305555552E-01
1644   0.685000 2.1577499999999997E-01
1645   0.685417 2.1562065972222222E-01
1646   0.685833 2.1546597222222219E-01
1647   0.686250 2.1531093749999999E-01
1648   0.686667 2.1515555555555552E-01
1649   0.687083 2.1499982638888887E-01
1650   0.687500 2.1484375000000000E-01
1651   0.687917 2.1468732638888888E-01
1652   0.688333 2.1453055555555556E-01
1653   0.688750 2.1437343749999996E-01
1654   0.689167 2.1421597222222222E-01
1655   0.689583 2.1405815972222222E-01
1656   0.690000 2.1389999999999998E-01
1657   0.690417 2.1374149305555556E-01
1658   0.690833 2.1358263888888887E-01
1659   0.691250 2.1342343749999998E-01
1660   0.691667 2.1326388888888886E-01
1661   0.692083 2.1310399305555552E-01
1662   0.692500 2.1294374999999999E-01
1663   0.692917 2.1278315972222220E-01
1664   0.693333 2.1262222222222221E-01
1665   0.693750 2.1246093749999997E-01
1666   0.694167 2.1229930555555554E-01
1667   0.694583 2.1213732638888888E-01
1668   0.695000 2.1197499999999997E-01
1669   0.695417 2.1181232638888889E-01
1670   0.695833 2.1164930555555553E-01
1671   0.696250 2.1148593750000000E-01
1672   0.696667 2.1132222222222222E-01
1673   0.697083 2.1115815972222221E-01
1674   0.697500 2.1099375000000001E-01
1675   0.697917 2.1082899305555552E-01
1676   0.698333 2.1066388888888887E-01
1677   0.698750 2.1049843749999997E-01
1678   0.699167 2.1033263888888887E-01
1679   0.699583 2.1016649305555554E-01
1680   0.700000 2.0999999999999996E-01
1681   0.700417 2.0983315972222222E-01
1682   0.700833 2.0966597222222219E-01
1683   0.701250 2.0949843750000000E-01
1684   0.701667 2.0933055555555555E-01
1685   0.702083 2.0916232638888888E-01
1686   0.702500 2.0899375000000001E-01
1687   0.702917 2.0882482638888886E-01
1688   0.703333 2.0865555555555554E-01
1689   0.703750 2.0848593749999997E-01
1690   0.704167 2.0831597222222220E-01
1691   0.704583 2.0814565972222221E-01
1692   0.705000 2.0797499999999997E-01
1693   0.705417 2.0780399305555555E-01
1694   0.705833 2.0763263888888886E-01
1695   0.706250 2.0746093749999997E-01
1696   0.706667 2.0728888888888888E-01
1697   0.707083 2.0711649305555552E-01
1698   0.707500 2.0694374999999998E-01
1699   0.707917 2.0677065972222219E-01
1700   0.708333 2.0659722222222221E-01
1701   0.708750 2.0642343750000000E-01
1702   0.709167 2.0624930555555554E-01
1703   0.709583 2.0607482638888888E-01
1704   0.710000 2.0589999999999997E-01
1705   0.710417 2.0572482638888887E-01
1706   0.710833 2.0554930555555551E-01
1707   0.711250 2.0537343749999998E-01
1708   0.711667 2.0519722222222223E-01
1709   0.712083 2.0502065972222219E-01
1710   0.712500 2.0484374999999999E-01
1711   0.712917 2.0466649305555551E-01
1712   0.713333 2.0448888888888886E-01
1713   0.713750 2.0431093750000001E-01
1714   0.714167 2.0413263888888886E-01
1715   0.714583 2.0395399305555556E-01
1716   0.715000 2.0377499999999996E-01
1717   0.715417 2.0359565972222221E-01
1718   0.715833 2.0341597222222219E-01
1719   0.716250 2.0323593749999996E-01
1720   0.716667 2.0305555555555554E-01
1721   0.717083 2.0287482638888885E-01
1722   0.717500 2.0269374999999998E-01
1723   0.717917 2.0251232638888886E-01
1724   0.718333 2.0233055555555554E-01
1725   0.718750 2.0214843750000000E-01
1726   0.719167 2.0196597222222221E-01
1727   0.719583 2.0178315972222222E-01
1728   0.720000 2.0159999999999997E-01
1729   0.720417 2.0141649305555553E-01
1730   0.720833 2.0123263888888890E-01
1731   0.721250 2.0104843749999998E-01
1732   0.721667 2.0086388888888890E-01
1733   0.722083 2.0067899305555553E-01
1734   0.722500 2.0049375000000000E-01
1735   0.722917 2.0030815972222218E-01
1736   0.723333 2.0012222222222220E-01
1737   0.723750 1.9993593749999999E-01
1738   0.724167 1.9974930555555553E-01
1739   0.724583 1.9956232638888888E-01
1740   0.725000 1.9937499999999997E-01
1741   0.725417 1.9918732638888886E-01
1742   0.725833 1.9899930555555556E-01
1743   0.726250 1.9881093749999998E-01
1744   0.726667 1.9862222222222223E-01
1745   0.727083 1.9843315972222220E-01
1746   0.727500 1.9824375000000000E-01
1747   0.727917 1.9805399305555552E-01
1748   0.728333 1.9786388888888887E-01
1749   0.728750 1.9767343749999999E-01
1750   0.729167 1.9748263888888887E-01
1751   0.729583 1.9729149305555554E-01
1752   0.730000 1.9709999999999997E-01
1753   0.730417 1.9690815972222220E-01
1754   0.730833 1.9671597222222223E-01
1755   0.731250 1.9652343749999998E-01
1756   0.731667 1.9633055555555554E-01
1757   0.732083 1.9613732638888884E-01
1758   0.732500 1.9594374999999997E-01
1759   0.732917 1.9574982638888888E-01
1760   0.733333 1.9555555555555554E-01
1761   0.733750 1.9536093750000000E-01
1762   0.734167 1.9516597222222218E-01
1763   0.734583 1.9497065972222222E-01
1764   0.735000 1.9477499999999995E-01
1765   0.735417 1.9457899305555554E-01
1766   0.735833 1.9438263888888888E-01
1767   0.736250 1.9418593749999996E-01
1768   0.736667 1.9398888888888888E-01
1769   0.737083 1.9379149305555551E-01
1770   0.737500 1.9359374999999998E-01
1771   0.737917 1.9339565972222222E-01
1772   0.738333 1.9319722222222219E-01
1773   0.738750 1.9299843749999998E-01
1774   0.739167 1.9279930555555552E-01
1775   0.739583 1.9259982638888887E-01
1776   0.740000 1.9239999999999996E-01
1777   0.740417 1.9219982638888886E-01
1778   0.740833 1.9199930555555556E-01
1779   0.741250 1.9179843749999997E-01
1780   0.741667 1.9159722222222220E-01
1781   0.742083 1.9139565972222217E-01
1782   0.742500 1.9119374999999997E-01
1783   0.742917 1.9099149305555554E-01
1784   0.743333 1.9078888888888887E-01
1785   0.743750 1.9058593750000000E-01
1786   0.744167 1.9038263888888884E-01
1787   0.744583 1.9017899305555552E-01
1788   0.745000 1.8997500000000000E-01
1789   0.745417 1.8977065972222218E-01
1790   0.745833 1.8956597222222221E-01
1791   0.746250 1.8936093749999997E-01
1792   0.746667 1.8915555555555555E-01
1793   0.747083 1.8894982638888885E-01
1794   0.747500 1.8874374999999996E-01
1795   0.747917 1.8853732638888890E-01
1796   0.748333 1.8833055555555553E-01
1797   0.748750 1.8812343749999999E-01
1798   0.749167 1.8791597222222217E-01
1799   0.749583 1.8770815972222221E-01
1800   0.750000 1.8750000000000000E-01
1801   0.750417 1.8729149305555554E-01
1802   0.750833 1.8708263888888887E-01
1803   0.751250 1.8687343749999996E-01
1804   0.751667 1.8666388888888888E-01
1805   0.752083 1.8645399305555552E-01
1806   0.752500 1.8624374999999996E-01
1807   0.752917 1.8603315972222223E-01
1808   0.753333 1.8582222222222219E-01
1809   0.753750 1.8561093749999999E-01
1810   0.754167 1.8539930555555550E-01
1811   0.754583 1.8518732638888885E-01
1812   0.755000 1.8497500000000000E-01
1813   0.755417 1.8476232638888884E-01
1814   0.755833 1.8454930555555554E-01
1815   0.756250 1.8433593749999996E-01
1816   0.756667 1.8412222222222219E-01
1817   0.757083 1.8390815972222221E-01
1818   0.757500 1.8369374999999996E-01
1819   0.757917 1.8347899305555554E-01
1820   0.758333 1.8326388888888884E-01
1821   0.758750 1.8304843749999999E-01
1822   0.759167 1.8283263888888884E-01
1823   0.759583 1.8261649305555552E-01
1824   0.760000 1.8240000000000001E-01
1825   0.760417 1.8218315972222218E-01
1826   0.760833 1.8196597222222222E-01
1827   0.761250 1.8174843749999994E-01
1828   0.761667 1.8153055555555553E-01
1829   0.762083 1.8131232638888889E-01
1830   0.762500 1.8109374999999997E-01
1831   0.762917 1.8087482638888888E-01
1832   0.763333 1.8065555555555551E-01
1833   0.763750 1.8043593749999998E-01
1834   0.764167 1.8021597222222221E-01
1835   0.764583 1.7999565972222220E-01
1836   0.765000 1.7977499999999999E-01
1837   0.765417 1.7955399305555553E-01
1838   0.765833 1.7933263888888887E-01
1839   0.766250 1.7911093749999996E-01
1840   0.766667 1.7888888888888888E-01
1841   0.767083 1.7866649305555554E-01
1842   0.767500 1.7844374999999996E-01
1843   0.767917 1.7822065972222220E-01
1844   0.768333 1.7799722222222217E-01
1845   0.768750 1.7777343749999996E-01
1846   0.769167 1.7754930555555556E-01
1847   0.769583 1.7732482638888886E-01
1848   0.770000 1.7709999999999998E-01
1849   0.770417 1.7687482638888885E-01
1850   0.770833 1.7664930555555552E-01
1851   0.771250 1.7642343749999995E-01
1852   0.771667 1.7619722222222220E-01
1853   0.772083 1.7597065972222223E-01
1854   0.772500 1.7574374999999995E-01
1855   0.772917 1.7551649305555553E-01
1856   0.773333 1.7528888888888883E-01
1857   0.773750 1.7506093749999999E-01
1858   0.774167 1.7483263888888889E-01
1859   0.774583 1.7460399305555552E-01
1860   0.775000 1.7437499999999997E-01
1861   0.775417 1.7414565972222218E-01
1862   0.775833 1.7391597222222219E-01
1863   0.776250 1.7368593750000000E-01
1864   0.776667 1.7345555555555553E-01
1865   0.777083 1.7322482638888889E-01
1866   0.777500 1.7299374999999995E-01
1867   0.777917 1.7276232638888886E-01
1868   0.778333 1.7253055555555549E-01
1869   0.778750 1.7229843749999996E-01
1870   0.779167 1.7206597222222222E-01
1871   0.779583 1.7183315972222218E-01
1872   0.780000 1.7159999999999997E-01
1873   0.780417 1.7136649305555551E-01
1874   0.780833 1.7113263888888885E-01
1875   0.781250 1.7089843750000000E-01
1876   0.781667 1.7066388888888886E-01
1877   0.782083 1.7042899305555553E-01
1878   0.782500 1.7019374999999995E-01
1879   0.782917 1.6995815972222220E-01
1880   0.783333 1.6972222222222216E-01
1881   0.783750 1.6948593749999996E-01
1882   0.784167 1.6924930555555556E-01
1883   0.784583 1.6901232638888886E-01
1884   0.785000 1.6877499999999998E-01
1885   0.785417 1.6853732638888883E-01
1886   0.785833 1.6829930555555553E-01
1887   0.786250 1.6806093750000001E-01
1888   0.786667 1.6782222222222218E-01
1889   0.787083 1.6758315972222221E-01
1890   0.787500 1.6734374999999996E-01
1891   0.787917 1.6710399305555554E-01
1892   0.788333 1.6686388888888889E-01
1893   0.788750 1.6662343749999997E-01
1894   0.789167 1.6638263888888888E-01
1895   0.789583 1.6614149305555551E-01
1896   0.790000 1.6589999999999999E-01
1897   0.790417 1.6565815972222217E-01
1898   0.790833 1.6541597222222218E-01
1899   0.791250 1.6517343749999999E-01
1900   0.791667 1.6493055555555552E-01
1901   0.792083 1.6468732638888886E-01
1902   0.792500 1.6444374999999994E-01
1903   0.792917 1.6419982638888886E-01
1904   0.793333 1.6395555555555555E-01
1905   0.793750 1.6371093749999996E-01
1906   0.794167 1.6346597222222220E-01
1907   0.794583 1.6322065972222216E-01
1908   0.795000 1.6297499999999998E-01
1909   0.795417 1.6272899305555549E-01
1910   0.795833 1.6248263888888886E-01
1911   0.796250 1.6223593749999998E-01
1912   0.796667 1.6198888888888885E-01
1913   0.797083 1.6174149305555555E-01
1914   0.797500 1.6149374999999994E-01
1915   0.797917 1.6124565972222218E-01
1916   0.798333 1.6099722222222221E-01
1917   0.798750 1.6074843749999995E-01
1918   0.799167 1.6049930555555553E-01
1919   0.799583 1.6024982638888882E-01
1920   0.800000 1.5999999999999998E-01
1921   0.800417 1.5974982638888888E-01
1922   0.800833 1.5949930555555553E-01
1923   0.801250 1.5924843749999998E-01
1924   0.801667 1.5899722222222218E-01
1925   0.802083 1.5874565972222221E-01
1926   0.802500 1.5849374999999993E-01
1927   0.802917 1.5824149305555552E-01
1928   0.803333 1.5798888888888887E-01
1929   0.803750 1.5773593749999995E-01
1930   0.804167 1.5748263888888886E-01
1931   0.804583 1.5722899305555549E-01
1932   0.805000 1.5697499999999998E-01
1933   0.805417 1.5672065972222221E-01
1934   0.805833 1.5646597222222219E-01
1935   0.806250 1.5621093749999998E-01
1936   0.806667 1.5595555555555551E-01
1937   0.807083 1.5569982638888885E-01
1938   0.807500 1.5544374999999994E-01
1939   0.807917 1.5518732638888885E-01
1940   0.808333 1.5493055555555554E-01
1941   0.808750 1.5467343749999996E-01
1942   0.809167 1.5441597222222220E-01
1943   0.809583 1.5415815972222216E-01
1944   0.810000 1.5389999999999995E-01
1945   0.810417 1.5364149305555555E-01
1946   0.810833 1.5338263888888884E-01
1947   0.811250 1.5312343749999999E-01
1948   0.811667 1.5286388888888883E-01
1949   0.812083 1.5260399305555553E-01
1950   0.812500 1.5234375000000000E-01
1951   0.812917 1.5208315972222219E-01
1952   0.813333 1.5182222222222222E-01
1953   0.813750 1.5156093749999994E-01
1954   0.814167 1.5129930555555554E-01
1955   0.814583 1.5103732638888884E-01
1956   0.815000 1.5077499999999996E-01
1957   0.815417 1.5051232638888890E-01
1958   0.815833 1.5024930555555552E-01
1959   0.816250 1.4998593749999997E-01
1960   0.816667 1.4972222222222217E-01
1961   0.817083 1.4945815972222218E-01
1962   0.817500 1.4919374999999999E-01
1963   0.817917 1.4892899305555551E-01
1964   0.818333 1.4866388888888887E-01
1965   0.818750 1.4839843749999995E-01
1966   0.819167 1.4813263888888886E-01
1967   0.819583 1.4786649305555549E-01
1968   0.820000 1.4759999999999995E-01
1969   0.820417 1.4733315972222222E-01
1970   0.820833 1.4706597222222217E-01
1971   0.821250 1.4679843749999999E-01
1972   0.821667 1.4653055555555550E-01
1973   0.822083 1.4626232638888886E-01
1974   0.822500 1.4599375000000001E-01
1975   0.822917 1.4572482638888884E-01
1976   0.823333 1.4545555555555553E-01
1977   0.823750 1.4518593749999995E-01
1978   0.824167 1.4491597222222219E-01
1979   0.824583 1.4464565972222221E-01
1980   0.825000 1.4437499999999995E-01
1981   0.825417 1.4410399305555555E-01
1982   0.825833 1.4383263888888884E-01
1983   0.826250 1.4356093749999999E-01
1984   0.826667 1.4328888888888883E-01
1985   0.827083 1.4301649305555553E-01
1986   0.827500 1.4274375000000000E-01
1987   0.827917 1.4247065972222217E-01
1988   0.828333 1.4219722222222220E-01
1989   0.828750 1.4192343749999994E-01
1990   0.829167 1.4164930555555552E-01
1991   0.829583 1.4137482638888887E-01
1992   0.830000 1.4109999999999995E-01
1993   0.830417 1.4082482638888888E-01
1994   0.830833 1.4054930555555550E-01
1995   0.831250 1.4027343749999996E-01
1996   0.831667 1.3999722222222222E-01
1997   0.832083 1.3972065972222217E-01
1998   0.832500 1.3944374999999998E-01
1999   0.832917 1.3916649305555551E-01
2000   0.833333 1.3888888888888887E-01
2001   0.833750 1.3861093749999992E-01
2002   0.834167 1.3833263888888886E-01
2003   0.834583 1.3805399305555555E-01
2004   0.835000 1.3777499999999995E-01
2005   0.835417 1.3749565972222219E-01
2006   0.835833 1.3721597222222215E-01
2007   0.836250 1.3693593749999997E-01
2008   0.836667 1.3665555555555556E-01
2009   0.837083 1.3637482638888884E-01
2010   0.837500 1.3609374999999999E-01
2011   0.837917 1.3581232638888882E-01
2012   0.838333 1.3553055555555552E-01
2013   0.838750 1.3524843749999993E-01
2014   0.839167 1.3496597222222217E-01
2015   0.839583 1.3468315972222222E-01
2016   0.840000 1.3439999999999994E-01
2017   0.840417 1.3411649305555554E-01
2018   0.840833 1.3383263888888883E-01
2019   0.841250 1.3354843749999995E-01
2020   0.841667 1.3326388888888888E-01
2021   0.842083 1.3297899305555549E-01
2022   0.842500 1.3269374999999997E-01
2023   0.842917 1.3240815972222217E-01
2024   0.843333 1.3212222222222220E-01
2025   0.843750 1.3183593750000000E-01
2026   0.844167 1.3154930555555552E-01
2027   0.844583 1.3126232638888888E-01
2028   0.845000 1.3097499999999995E-01
2029   0.845417 1.3068732638888886E-01
2030   0.845833 1.3039930555555548E-01
2031   0.846250 1.3011093749999997E-01
2032   0.846667 1.2982222222222223E-01
2033   0.847083 1.2953315972222218E-01
2034   0.847500 1.2924374999999999E-01
2035   0.847917 1.2895399305555549E-01
2036   0.848333 1.2866388888888886E-01
2037   0.848750 1.2837343749999999E-01
2038   0.849167 1.2808263888888885E-01
2039   0.849583 1.2779149305555554E-01
2040   0.850000 1.2749999999999995E-01
2041   0.850417 1.2720815972222219E-01
2042   0.850833 1.2691597222222215E-01
2043   0.851250 1.2662343749999996E-01
2044   0.851667 1.2633055555555556E-01
2045   0.852083 1.2603732638888884E-01
2046   0.852500 1.2574374999999999E-01
2047   0.852917 1.2544982638888882E-01
2048   0.853333 1.2515555555555552E-01
2049   0.853750 1.2486093749999999E-01
2050   0.854167 1.2456597222222217E-01
2051   0.854583 1.2427065972222220E-01
2052   0.855000 1.2397499999999993E-01
2053   0.855417 1.2367899305555552E-01
2054   0.855833 1.2338263888888888E-01
2055   0.856250 1.2308593749999995E-01
2056   0.856667 1.2278888888888888E-01
2057   0.857083 1.2249149305555550E-01
2058   0.857500 1.2219374999999998E-01
2059   0.857917 1.2189565972222215E-01
2060   0.858333 1.2159722222222218E-01
2061   0.858750 1.2129843749999999E-01
2062   0.859167 1.2099930555555551E-01
2063   0.859583 1.2069982638888886E-01
2064   0.860000 1.2039999999999992E-01
2065   0.860417 1.2009982638888886E-01
2066   0.860833 1.1979930555555555E-01
2067   0.861250 1.1949843749999994E-01
2068   0.861667 1.1919722222222220E-01
2069   0.862083 1.1889565972222216E-01
2070   0.862500 1.1859374999999997E-01
2071   0.862917 1.1829149305555547E-01
2072   0.863333 1.1798888888888884E-01
2073   0.863750 1.1768593749999999E-01
2074   0.864167 1.1738263888888884E-01
2075   0.864583 1.1707899305555552E-01
2076   0.865000 1.1677499999999992E-01
2077   0.865417 1.1647065972222218E-01
2078   0.865833 1.1616597222222222E-01
2079   0.866250 1.1586093749999994E-01
2080   0.866667 1.1555555555555554E-01
2081   0.867083 1.1524982638888882E-01
2082   0.867500 1.1494374999999997E-01
2083   0.867917 1.1463732638888889E-01
2084   0.868333 1.1433055555555550E-01
2085   0.868750 1.1402343749999998E-01
2086   0.869167 1.1371597222222216E-01
2087   0.869583 1.1340815972222219E-01
2088   0.870000 1.1309999999999992E-01
2089   0.870417 1.1279149305555551E-01
2090   0.870833 1.1248263888888888E-01
2091   0.871250 1.1217343749999995E-01
2092   0.871667 1.1186388888888886E-01
2093   0.872083 1.1155399305555548E-01
2094   0.872500 1.1124374999999996E-01
2095   0.872917 1.1093315972222222E-01
2096   0.873333 1.1062222222222216E-01
2097   0.873750 1.1031093749999998E-01
2098   0.874167 1.0999930555555548E-01
2099   0.874583 1.0968732638888885E-01
2100   0.875000 1.0937499999999992E-01
2101   0.875417 1.0906232638888884E-01
2102   0.875833 1.0874930555555554E-01
2103   0.876250 1.0843593749999994E-01
2104   0.876667 1.0812222222222219E-01
2105   0.877083 1.0780815972222214E-01
2106   0.877500 1.0749374999999996E-01
2107   0.877917 1.0717899305555555E-01
2108   0.878333 1.0686388888888883E-01
2109   0.878750 1.0654843749999998E-01
2110   0.879167 1.0623263888888881E-01
2111   0.879583 1.0591649305555552E-01
2112   0.880000 1.0560000000000000E-01
2113   0.880417 1.0528315972222217E-01
2114   0.880833 1.0496597222222220E-01
2115   0.881250 1.0464843749999993E-01
2116   0.881667 1.0433055555555552E-01
2117   0.882083 1.0401232638888881E-01
2118   0.882500 1.0369374999999995E-01
2119   0.882917 1.0337482638888888E-01
2120   0.883333 1.0305555555555550E-01
2121   0.883750 1.0273593749999997E-01
2122   0.884167 1.0241597222222215E-01
2123   0.884583 1.0209565972222218E-01
2124   0.885000 1.0177499999999999E-01
2125   0.885417 1.0145399305555550E-01
2126   0.885833 1.0113263888888886E-01
2127   0.886250 1.0081093749999993E-01
2128   0.886667 1.0048888888888885E-01
2129   0.887083 1.0016649305555556E-01
2130   0.887500 9.9843749999999953E-02
2131   0.887917 9.9520659722222210E-02
2132   0.888333 9.9197222222222159E-02
2133   0.888750 9.8873437499999967E-02
2134   0.889167 9.8549305555555480E-02
2135   0.889583 9.8224826388888839E-02
2136   0.890000 9.7899999999999987E-02
2137   0.890417 9.7574826388888827E-02
2138   0.890833 9.7249305555555526E-02
2139   0.891250 9.6923437499999918E-02
2140   0.891667 9.6597222222222182E-02
2141   0.892083 9.6270659722222221E-02
2142   0.892500 9.5943749999999939E-02
2143   0.892917 9.5616493055555529E-02
2144   0.893333 9.5288888888888812E-02
2145   0.893750 9.4960937499999967E-02
2146   0.894167 9.4632638888888801E-02
2147   0.894583 9.4303993055555507E-02
2148   0.895000 9.3974999999999989E-02
2149   0.895417 9.3645659722222163E-02
2150   0.895833 9.3315972222222196E-02
2151   0.896250 9.2985937499999921E-02
2152   0.896667 9.2655555555555505E-02
2153   0.897083 9.2324826388888878E-02
2154   0.897500 9.1993749999999944E-02
2155   0.897917 9.1662326388888868E-02
2156   0.898333 9.1330555555555484E-02
2157   0.898750 9.0998437499999960E-02
2158   0.899167 9.0665972222222224E-02
2159   0.899583 9.0333159722222167E-02
2160   0.900000 8.9999999999999983E-02
2161   0.900417 8.9666493055555491E-02
2162   0.900833 8.9332638888888857E-02
2163   0.901250 8.8998437499999916E-02
2164   0.901667 8.8663888888888834E-02
2165   0.902083 8.8328993055555541E-02
2166   0.902500 8.7993749999999940E-02
2167   0.902917 8.7658159722222198E-02
2168   0.903333 8.7322222222222148E-02
2169   0.903750 8.6985937499999957E-02
2170   0.904167 8.6649305555555556E-02
2171   0.904583 8.6312326388888833E-02
2172   0.905000 8.5974999999999982E-02
2173   0.905417 8.5637326388888810E-02
2174   0.905833 8.5299305555555524E-02
2175   0.906250 8.4960937499999903E-02
2176   0.906667 8.4622222222222168E-02
2177   0.907083 8.4283159722222209E-02
2178   0.907500 8.3943749999999928E-02
2179   0.907917 8.3603993055555520E-02
2180   0.908333 8.3263888888888804E-02
2181   0.908750 8.2923437499999947E-02
2182   0.909167 8.2582638888888879E-02
2183   0.909583 8.2241493055555490E-02
2184   0.910000 8.1899999999999973E-02
2185   0.910417 8.1558159722222148E-02
2186   0.910833 8.1215972222222182E-02
2187   0.911250 8.0873437499999992E-02
2188   0.911667 8.0530555555555494E-02
2189   0.912083 8.0187326388888869E-02
2190   0.912500 7.9843749999999922E-02
2191   0.912917 7.9499826388888847E-02
2192   0.913333 7.9155555555555465E-02
2193   0.913750 7.8810937499999942E-02
2194   0.914167 7.8465972222222208E-02
2195   0.914583 7.8120659722222152E-02
2196   0.915000 7.7774999999999969E-02
2197   0.915417 7.7428993055555478E-02
2198   0.915833 7.7082638888888846E-02
2199   0.916250 7.6735937499999990E-02
2200   0.916667 7.6388888888888826E-02
2201   0.917083 7.6041493055555534E-02
2202   0.917500 7.5693749999999921E-02
2203   0.917917 7.5345659722222180E-02
2204   0.918333 7.4997222222222132E-02
2205   0.918750 7.4648437499999942E-02
2206   0.919167 7.4299305555555542E-02
2207   0.919583 7.3949826388888820E-02
2208   0.920000 7.3599999999999971E-02
2209   0.920417 7.3249826388888800E-02
2210   0.920833 7.2899305555555502E-02
2211   0.921250 7.2548437499999993E-02
2212   0.921667 7.2197222222222163E-02
2213   0.922083 7.1845659722222191E-02
2214   0.922500 7.1493749999999912E-02
2215   0.922917 7.1141493055555519E-02
2216   0.923333 7.0788888888888887E-02
2217   0.923750 7.0435937499999934E-02
2218   0.924167 7.0082638888888868E-02
2219   0.924583 6.9728993055555480E-02
2220   0.925000 6.9374999999999964E-02
2221   0.925417 6.9020659722222127E-02
2222   0.925833 6.8665972222222163E-02
2223   0.926250 6.8310937499999988E-02
2224   0.926667 6.7955555555555491E-02
2225   0.927083 6.7599826388888853E-02
2226   0.927500 6.7243749999999908E-02
2227   0.927917 6.6887326388888835E-02
2228   0.928333 6.6530555555555551E-02
2229   0.928750 6.6173437499999932E-02
2230   0.929167 6.5815972222222199E-02
2231   0.929583 6.5458159722222145E-02
2232   0.930000 6.5099999999999963E-02
2233   0.930417 6.4741493055555460E-02
2234   0.930833 6.4382638888888830E-02
2235   0.931250 6.4023437499999974E-02
2236   0.931667 6.3663888888888812E-02
2237   0.932083 6.3303993055555521E-02
2238   0.932500 6.2943749999999909E-02
2239   0.932917 6.2583159722222170E-02
2240   0.933333 6.2222222222222207E-02
2241   0.933750 6.1860937499999928E-02
2242   0.934167 6.1499305555555529E-02
2243   0.934583 6.1137326388888802E-02
2244   0.935000 6.0774999999999954E-02
2245   0.935417 6.0412326388888882E-02
2246   0.935833 6.0049305555555495E-02
2247   0.936250 5.9685937499999973E-02
2248   0.936667 5.9322222222222144E-02
2249   0.937083 5.8958159722222181E-02
2250   0.937500 5.8593749999999903E-02
2251   0.937917 5.8228993055555497E-02
2252   0.938333 5.7863888888888874E-02
2253   0.938750 5.7498437499999923E-02
2254   0.939167 5.7132638888888858E-02
2255   0.939583 5.6766493055555464E-02
2256   0.940000 5.6399999999999950E-02
2257   0.940417 5.6033159722222212E-02
2258   0.940833 5.5665972222222151E-02
2259   0.941250 5.5298437499999971E-02
2260   0.941667 5.4930555555555469E-02
2261   0.942083 5.4562326388888846E-02
2262   0.942500 5.4193749999999895E-02
2263   0.942917 5.3824826388888830E-02
2264   0.943333 5.3455555555555534E-02
2265   0.943750 5.3085937499999923E-02
2266   0.944167 5.2715972222222185E-02
2267   0.944583 5.2345659722222125E-02
2268   0.945000 5.1974999999999945E-02
2269   0.945417 5.1603993055555540E-02
2270   0.945833 5.1232638888888814E-02
2271   0.946250 5.0860937499999967E-02
2272   0.946667 5.0488888888888799E-02
2273   0.947083 5.0116493055555510E-02
2274   0.947500 4.9743749999999989E-02
2275   0.947917 4.9370659722222154E-02
2276   0.948333 4.8997222222222199E-02
2277   0.948750 4.8623437499999915E-02
2278   0.949167 4.8249305555555511E-02
2279   0.949583 4.7874826388888785E-02
2280   0.950000 4.7499999999999938E-02
2281   0.950417 4.7124826388888867E-02
2282   0.950833 4.6749305555555482E-02
2283   0.951250 4.6373437499999962E-02
2284   0.951667 4.5997222222222127E-02
2285   0.952083 4.5620659722222172E-02
2286   0.952500 4.5243749999999985E-02
2287   0.952917 4.4866493055555484E-02
2288   0.953333 4.4488888888888863E-02
2289   0.953750 4.4110937499999912E-02
2290   0.954167 4.3732638888888842E-02
2291   0.954583 4.3353993055555554E-02
2292   0.955000 4.2974999999999937E-02
2293   0.955417 4.2595659722222200E-02
2294   0.955833 4.2215972222222141E-02
2295   0.956250 4.1835937499999962E-02
2296   0.956667 4.1455555555555454E-02
2297   0.957083 4.1074826388888833E-02
2298   0.957500 4.0693749999999987E-02
2299   0.957917 4.0312326388888813E-02
2300   0.958333 3.9930555555555525E-02
2301   0.958750 3.9548437499999908E-02
2302   0.959167 3.9165972222222172E-02
2303   0.959583 3.8783159722222210E-02
2304   0.960000 3.8399999999999927E-02
2305   0.960417 3.8016493055555531E-02
2306   0.960833 3.7632638888888799E-02
2307   0.961250 3.7248437499999953E-02
2308   0.961667 3.6863888888888786E-02
2309   0.962083 3.6478993055555492E-02
2310   0.962500 3.6093749999999980E-02
2311   0.962917 3.5708159722222139E-02
2312   0.963333 3.5322222222222185E-02
2313   0.963750 3.4935937499999903E-02
2314   0.964167 3.4549305555555500E-02
2315   0.964583 3.4162326388888872E-02
2316   0.965000 3.3774999999999923E-02
2317   0.965417 3.3387326388888861E-02
2318   0.965833 3.2999305555555462E-02
2319   0.966250 3.2610937499999951E-02
2320   0.966667 3.2222222222222215E-02
2321   0.967083 3.1833159722222157E-02
2322   0.967500 3.1443749999999972E-02
2323   0.967917 3.1053993055555468E-02
2324   0.968333 3.0663888888888845E-02
2325   0.968750 3.0273437499999896E-02
2326   0.969167 2.9882638888888827E-02
2327   0.969583 2.9491493055555536E-02
2328   0.970000 2.9099999999999921E-02
2329   0.970417 2.8708159722222185E-02
2330   0.970833 2.8315972222222124E-02
2331   0.971250 2.7923437499999947E-02
2332   0.971667 2.7530555555555544E-02
2333   0.972083 2.7137326388888817E-02
2334   0.972500 2.6743749999999969E-02
2335   0.972917 2.6349826388888799E-02
2336   0.973333 2.5955555555555510E-02
2337   0.973750 2.5560937499999891E-02
2338   0.974167 2.5165972222222156E-02
2339   0.974583 2.4770659722222199E-02
2340   0.975000 2.4374999999999914E-02
2341   0.975417 2.3978993055555516E-02
2342   0.975833 2.3582638888888785E-02
2343   0.976250 2.3185937499999941E-02
2344   0.976667 2.2788888888888872E-02
2345   0.977083 2.2391493055555479E-02
2346   0.977500 2.1993749999999965E-02
2347   0.977917 2.1595659722222126E-02
2348   0.978333 2.1197222222222169E-02
2349   0.978750 2.0798437499999992E-02
2350   0.979167 2.0399305555555483E-02
2351   0.979583 1.9999826388888860E-02
2352   0.980000 1.9599999999999909E-02
2353   0.980417 1.9199826388888844E-02
2354   0.980833 1.8799305555555448E-02
2355   0.981250 1.8398437499999937E-02
2356   0.981667 1.7997222222222203E-02
2357   0.982083 1.7595659722222139E-02
2358   0.982500 1.7193749999999963E-02
2359   0.982917 1.6791493055555454E-02
2360   0.983333 1.6388888888888831E-02
2361   0.983750 1.5985937499999988E-02
2362   0.984167 1.5582638888888813E-02
2363   0.984583 1.5178993055555524E-02
2364   0.985000 1.4774999999999905E-02
2365   0.985417 1.4370659722222172E-02
2366   0.985833 1.3965972222222109E-02
2367   0.986250 1.3560937499999931E-02
2368   0.986667 1.3155555555555531E-02
2369   0.987083 1.2749826388888800E-02
2370   0.987500 1.2343749999999957E-02
2371   0.987917 1.1937326388888782E-02
2372   0.988333 1.1530555555555494E-02
2373   0.988750 1.1123437499999982E-02
2374   0.989167 1.0715972222222141E-02
2375   0.989583 1.0308159722222186E-02
2376   0.990000 9.8999999999999002E-03
2377   0.990417 9.4914930555554996E-03
2378   0.990833 9.0826388888888780E-03
2379   0.991250 8.6734374999999260E-03
2380   0.991667 8.2638888888888606E-03
2381   0.992083 7.8539930555554631E-03
2382   0.992500 7.4437499999999521E-03
2383   0.992917 7.0331597222221100E-03
2384   0.993333 6.6222222222221553E-03
2385   0.993750 6.2109374999999778E-03
2386   0.994167 5.7993055555554691E-03
2387   0.994583 5.3873263888888478E-03
2388   0.995000 4.9749999999998944E-03
2389   0.995417 4.5623263888888285E-03
2390   0.995833 4.1493055555555406E-03
2391   0.996250 3.7359374999999207E-03
2392   0.996667 3.3222222222221882E-03
2393   0.997083 2.9081597222221237E-03
2394   0.997500 2.4937499999999470E-03
2395   0.997917 2.0789930555554378E-03
2396   0.998333 1.6638888888888166E-03
2397   0.998750 1.2484374999999735E-03
2398   0.999167 8.3263888888879722E-04
2399   0.999583 4.1649305555550972E-04
2400   1.000000 -0.0000000000000000E+00
